 # x vx mass rho p u c hsml
-0.86537952 -4.40780647  0.00100000  0.00822514  0.00140636  0.42700094  0.41350053  0.24315700 
-0.76977142 -3.37046018  0.00100000  0.01875553  0.00383540  0.51072435  0.45221033  0.10663524 
-0.72735563 -2.95623096  0.00100000  0.03268097  0.00803379  0.61396787  0.49580712  0.06119770 
-0.70196580 -2.71363717  0.00100000  0.04740253  0.01353507  0.71317152  0.53435454  0.04219184 
-0.68273474 -2.53964489  0.00100000  0.06193267  0.01981827  0.79926749  0.56568278  0.03229313 
-0.66763014 -2.40502597  0.00100000  0.07500059  0.02618862  0.87216615  0.59091356  0.02666646 
-0.65510082 -2.29368052  0.00100000  0.08707134  0.03250007  0.93232129  0.61094842  0.02296967 
-0.64417119 -2.19880357  0.00100000  0.09892627  0.03899546  0.98460398  0.62784321  0.02021708 
-0.63459563 -2.11493810  0.00100000  0.11036591  0.04548671  1.02946460  0.64198485  0.01812154 
-0.62584827 -2.03981676  0.00100000  0.12164752  0.05216635  1.07115414  0.65485265  0.01644094 
-0.61795685 -1.97220980  0.00100000  0.13257109  0.05891297  1.11000818  0.66662415  0.01508625 
-0.61064952 -1.90874588  0.00100000  0.14335964  0.06571238  1.14495172  0.67703349  0.01395093 
-0.60386682 -1.85173103  0.00100000  0.15397842  0.07271017  1.17951244  0.68717545  0.01298883 
-0.59757790 -1.79731556  0.00100000  0.16433187  0.07963724  1.21049119  0.69614097  0.01217049 
-0.59160665 -1.74672004  0.00100000  0.17466974  0.08675280  1.24061311  0.70474648  0.01145018 
-0.58603912 -1.69995279  0.00100000  0.18475236  0.09392154  1.26982350  0.71299684  0.01082530 
-0.58073455 -1.65392275  0.00100000  0.19475584  0.10104583  1.29598094  0.72030090  0.01026927 
-0.57568410 -1.61226763  0.00100000  0.20470058  0.10844602  1.32332406  0.72785904  0.00977037 
-0.57091958 -1.57138873  0.00100000  0.21440041  0.11569201  1.34786711  0.73457963  0.00932834 
-0.56630571 -1.53222771  0.00100000  0.22413837  0.12308081  1.37166623  0.74103220  0.00892306 
-0.56193005 -1.49636712  0.00100000  0.23371320  0.13063582  1.39620802  0.74763482  0.00855750 
-0.55772343 -1.45964028  0.00100000  0.24316422  0.13797421  1.41732710  0.75326733  0.00822489 
-0.55364658 -1.42622499  0.00100000  0.25264766  0.14564952  1.44002498  0.75927114  0.00791616 
-0.54976725 -1.39379527  0.00100000  0.26191536  0.15323751  1.46141855  0.76489540  0.00763605 
-0.54598422 -1.36097268  0.00100000  0.27117737  0.16074482  1.48067290  0.76991322  0.00737525 
-0.54233612 -1.33180258  0.00100000  0.28041204  0.16863841  1.50222838  0.77549662  0.00713236 
-0.53883019 -1.30164681  0.00100000  0.28944261  0.17621924  1.52076440  0.78027095  0.00690983 
-0.53539185 -1.27260391  0.00100000  0.29853624  0.18396165  1.53925094  0.78499180  0.00669935 
-0.53208615 -1.24625904  0.00100000  0.30753737  0.19196707  1.55920670  0.79006789  0.00650327 
-0.52887403 -1.21808335  0.00100000  0.31638203  0.19956869  1.57562770  0.79421904  0.00632147 
-0.52572483 -1.19237026  0.00100000  0.32531836  0.20756153  1.59374911  0.79876522  0.00614782 
-0.52269407 -1.16787449  0.00100000  0.33410908  0.21559673  1.61186002  0.80329848  0.00598607 
-0.51972415 -1.14169040  0.00100000  0.34279907  0.22327118  1.62693024  0.80704270  0.00583432 
-0.51681927 -1.11866073  0.00100000  0.35158901  0.23148494  1.64463798  0.81141629  0.00568846 
-0.51401325 -1.09550487  0.00100000  0.36019445  0.23951398  1.66098705  0.81544922  0.00555256 
-0.51124956 -1.07128329  0.00100000  0.36874926  0.24730242  1.67523654  0.81893344  0.00542374 
-0.50855162 -1.05031899  0.00100000  0.37740507  0.25569145  1.69235591  0.82310311  0.00529935 
-0.50593378 -1.02830077  0.00100000  0.38584860  0.26371529  1.70722308  0.82672142  0.00518338 
-0.50334880 -1.00588299  0.00100000  0.39428125  0.27163354  1.72091251  0.83002015  0.00507252 
-0.50082710 -0.98651028  0.00100000  0.40281693  0.28015946  1.73732409  0.83396686  0.00496503 
-0.49837050 -0.96557082  0.00100000  0.41111954  0.28819919  1.75104117  0.83726381  0.00486477 
-0.49594186 -0.94470694  0.00100000  0.41943806  0.29623878  1.76423916  0.84040193  0.00476828 
-0.49357161 -0.92660466  0.00100000  0.42786907  0.30487894  1.77991778  0.84412792  0.00467433 
-0.49125569 -0.90673224  0.00100000  0.43605074  0.31296429  1.79278981  0.84718622  0.00458662 
-0.48896473 -0.88714298  0.00100000  0.44425831  0.32110003  1.80546523  0.85016337  0.00450189 
-0.48672602 -0.87009756  0.00100000  0.45260011  0.32984405  1.82044675  0.85368372  0.00441891 
-0.48453441 -0.85129339  0.00100000  0.46068211  0.33800977  1.83273373  0.85657216  0.00434139 
-0.48236555 -0.83271680  0.00100000  0.46877748  0.34620836  1.84482475  0.85938032  0.00426642 
-0.48024230 -0.81656481  0.00100000  0.47704234  0.35504796  1.85915310  0.86271042  0.00419250 
-0.47816147 -0.79883950  0.00100000  0.48504978  0.36333499  1.87107983  0.86548682  0.00412329 
-0.47610172 -0.78106395  0.00100000  0.49302963  0.37156501  1.88254287  0.86812226  0.00405655 
-0.47408086 -0.76564209  0.00100000  0.50122158  0.38048073  1.89622314  0.87126737  0.00399025 
-0.47209923 -0.74901248  0.00100000  0.50918453  0.38893617  1.90798511  0.87398014  0.00392785 
-0.47013777 -0.73190741  0.00100000  0.51704948  0.39718212  1.91883746  0.87645331  0.00386810 
-0.46820863 -0.71702315  0.00100000  0.52515868  0.40613203  1.93181081  0.87940382  0.00380837 
-0.46631609 -0.70148767  0.00100000  0.53310845  0.41479994  1.94355352  0.88208728  0.00375158 
-0.46444374 -0.68503232  0.00100000  0.54087307  0.42308044  1.95391096  0.88443067  0.00369773 
-0.46259769 -0.67047213  0.00100000  0.54887457  0.43200030  1.96607066  0.88716719  0.00364382 
-0.46078530 -0.65595912  0.00100000  0.55683153  0.44089804  1.97783788  0.88983027  0.00359175 
-0.45899402 -0.64024768  0.00100000  0.56453348  0.44927846  1.98792355  0.89209878  0.00354275 
-0.45722416 -0.62583784  0.00100000  0.57239841  0.45810556  1.99918747  0.89460964  0.00349407 
-0.45548415 -0.61215211  0.00100000  0.58035373  0.46719269  2.01086769  0.89722555  0.00344617 
-0.45376653 -0.59733789  0.00100000  0.58804983  0.47577143  2.02095318  0.89948125  0.00340107 
-0.45206724 -0.58304151  0.00100000  0.59577162  0.48449282  2.03137337  0.90178658  0.00335699 
-0.45039323 -0.56986984  0.00100000  0.60367834  0.49366128  2.04271057  0.90429834  0.00331302 
-0.44874228 -0.55603744  0.00100000  0.61141659  0.50251455  2.05297919  0.90657912  0.00327109 
-0.44710857 -0.54201184  0.00100000  0.61903627  0.51120782  2.06280663  0.90874221  0.00323083 
-0.44549565 -0.52904034  0.00100000  0.62683202  0.52032882  2.07353025  0.91109435  0.00319065 
-0.44390503 -0.51607570  0.00100000  0.63461109  0.52943926  2.08393895  0.91338577  0.00315154 
-0.44233193 -0.50259327  0.00100000  0.64220770  0.53824917  2.09354155  0.91549068  0.00311426 
-0.44077631 -0.48969012  0.00100000  0.64986756  0.54726816  2.10356492  0.91767238  0.00307755 
-0.43924079 -0.47728516  0.00100000  0.65762648  0.55651106  2.11384935  0.91991406  0.00304124 
-0.43772321 -0.46452431  0.00100000  0.66526069  0.56554686  2.12349124  0.92201581  0.00300634 
-0.43622152 -0.45181678  0.00100000  0.67283045  0.57453951  2.13299878  0.92407481  0.00297252 
-0.43473721 -0.43966356  0.00100000  0.68049987  0.58377574  2.14287873  0.92620901  0.00293902 
-0.43327035 -0.42755177  0.00100000  0.68816081  0.59301755  2.15255114  0.92830097  0.00290630 
-0.43181898 -0.41527348  0.00100000  0.69571818  0.60212086  2.16184380  0.93030458  0.00287473 
-0.43038292 -0.40327997  0.00100000  0.70328981  0.61131961  2.17125565  0.93232429  0.00284378 
-0.42896287 -0.39157624  0.00100000  0.71091553  0.62065199  2.18075653  0.93436180  0.00281327 
-0.42755801 -0.37982168  0.00100000  0.71849283  0.62992809  2.18999319  0.93634149  0.00278360 
-0.42616740 -0.36810356  0.00100000  0.72601936  0.63917154  2.19909294  0.93828465  0.00275475 
-0.42479122 -0.35663816  0.00100000  0.73357387  0.64851719  2.20827686  0.94024021  0.00272638 
-0.42342943 -0.34530440  0.00100000  0.74114006  0.65791486  2.21740154  0.94218178  0.00269855 
-0.42208132 -0.33397437  0.00100000  0.74866393  0.66727804  2.22635005  0.94408253  0.00267143 
-0.42074651 -0.32275513  0.00100000  0.75616846  0.67666010  2.23524936  0.94596704  0.00264491 
-0.41942499 -0.31170842  0.00100000  0.76368808  0.68611097  2.24415461  0.94784904  0.00261887 
-0.41811650 -0.30074727  0.00100000  0.77120057  0.69558397  2.25297224  0.94971022  0.00259336 
-0.41682059 -0.28984248  0.00100000  0.77868520  0.70505148  2.26168404  0.95154527  0.00256843 
-0.41553702 -0.27905253  0.00100000  0.78615967  0.71454784  2.27035529  0.95336735  0.00254401 
-0.41426565 -0.26838513  0.00100000  0.79363539  0.72408593  2.27898968  0.95517851  0.00252005 
-0.41300622 -0.25779864  0.00100000  0.80109940  0.73364146  2.28754773  0.95697089  0.00249657 
-0.41175841 -0.24728802  0.00100000  0.80854672  0.74320991  2.29603538  0.95874516  0.00247357 
-0.41052203 -0.23687179  0.00100000  0.81598937  0.75281128  2.30448224  0.96050761  0.00245101 
-0.40929689 -0.22653920  0.00100000  0.82343651  0.76245598  2.31289198  0.96225977  0.00242885 
-0.40808278 -0.21626079  0.00100000  0.83089231  0.77214753  2.32126259  0.96400164  0.00240705 
-0.40687949 -0.20601584  0.00100000  0.83837099  0.78190648  2.32961611  0.96573792  0.00238558 
-0.40568688 -0.19578120  0.00100000  0.84589980  0.79177093  2.33798707  0.96747626  0.00236435 
-0.40450485 -0.18551346  0.00100000  0.85351248  0.80178572  2.34640837  0.96922414  0.00234326 
-0.40333330 -0.17515467  0.00100000  0.86124939  0.81200479  2.35491966  0.97099017  0.00232221 
-0.40217221 -0.16464292  0.00100000  0.86916113  0.82249708  2.36357379  0.97278537  0.00230107 
-0.40102162 -0.15391353  0.00100000  0.87730545  0.83334097  2.37242818  0.97462142  0.00227971 
-0.39988165 -0.14290256  0.00100000  0.88573789  0.84461134  2.38153357  0.97650808  0.00225800 
-0.39875245 -0.13156103  0.00100000  0.89450140  0.85636620  2.39092624  0.97845138  0.00223588 
-0.39763422 -0.11987291  0.00100000  0.90361431  0.86863074  2.40061747  0.98045134  0.00221333 
-0.39652716 -0.10787093  0.00100000  0.91305561  0.88137677  2.41057865  0.98249916  0.00219045 
-0.39543146 -0.09564944  0.00100000  0.92275091  0.89450328  2.42072864  0.98457482  0.00216743 
-0.39434718 -0.08337174  0.00100000  0.93256496  0.90782562  2.43092860  0.98664671  0.00214462 
-0.39327425 -0.07126616  0.00100000  0.94230456  0.92107877  2.44098645  0.98867315  0.00212246 
-0.39221237 -0.05960734  0.00100000  0.95173397  0.93393744  2.45067213  0.99060635  0.00210143 
-0.39116101 -0.04868464  0.00100000  0.96060170  0.94605243  2.45974335  0.99239810  0.00208203 
-0.39011940 -0.03876361  0.00100000  0.96867452  0.95709768  2.46797790  0.99400643  0.00206468 
-0.38908653 -0.03004923  0.00100000  0.97577065  0.96681695  2.47520476  0.99540142  0.00204966 
-0.38806125 -0.02265933  0.00100000  0.98178378  0.97505815  2.48132639  0.99656890  0.00203711 
-0.38704235 -0.01661455  0.00100000  0.98669217  0.98178674  2.48632694  0.99751111  0.00202697 
-0.38602859 -0.01184587  0.00100000  0.99055182  0.98707688  2.49026565  0.99824442  0.00201908 
-0.38501886 -0.00821594  0.00100000  0.99347752  0.99108507  2.49325867  0.99879520  0.00201313 
-0.38401216 -0.00554718  0.00100000  0.99561800  0.99401550  2.49545524  0.99919490  0.00200880 
-0.38300767 -0.00364946  0.00100000  0.99713189  0.99608633  2.49701439  0.99947558  0.00200575 
-0.38200474 -0.00234212  0.00100000  0.99816889  0.99750352  2.49808661  0.99966665  0.00200367 
-0.38100286 -0.00146804  0.00100000  0.99885821  0.99844465  2.49880229  0.99979296  0.00200229 
-0.38000170 -0.00089979  0.00100000  0.99930376  0.99905236  2.49926682  0.99987421  0.00200139 
-0.37900099 -0.00053993  0.00100000  0.99958430  0.99943466  2.49956057  0.99992514  0.00200083 
-0.37800057 -0.00031755  0.00100000  0.99975671  0.99966938  2.49974185  0.99995632  0.00200049 
-0.37700032 -0.00018324  0.00100000  0.99986027  0.99981026  2.49985119  0.99997499  0.00200028 
-0.37600018 -0.00010385  0.00100000  0.99992118  0.99989304  2.49991575  0.99998593  0.00200016 
-0.37500010 -0.00005785  0.00100000  0.99995629  0.99994072  2.49995311  0.99999222  0.00200009 
-0.37400005 -0.00003170  0.00100000  0.99997615  0.99996768  2.49997433  0.99999576  0.00200005 
-0.37300003 -0.00001710  0.00100000  0.99998719  0.99998265  2.49998616  0.99999773  0.00200003 
-0.37200001 -0.00000909  0.00100000  0.99999322  0.99999082  2.49999265  0.99999880  0.00200001 
-0.37100001 -0.00000476  0.00100000  0.99999646  0.99999522  2.49999616  0.99999938  0.00200001 
-0.37000000 -0.00000246  0.00100000  0.99999818  0.99999754  2.49999802  0.99999968  0.00200000 
-0.36900000 -0.00000125  0.00100000  0.99999908  0.99999875  2.49999899  0.99999984  0.00200000 
-0.36800000 -0.00000063  0.00100000  0.99999954  0.99999938  2.49999949  0.99999992  0.00200000 
-0.36700000 -0.00000031  0.00100000  0.99999977  0.99999969  2.49999975  0.99999996  0.00200000 
-0.36600000 -0.00000015  0.00100000  0.99999989  0.99999985  2.49999988  0.99999998  0.00200000 
-0.36500000 -0.00000007  0.00100000  0.99999995  0.99999993  2.49999994  0.99999999  0.00200000 
-0.36400000 -0.00000004  0.00100000  0.99999997  0.99999997  2.49999997  1.00000000  0.00200000 
-0.36300000 -0.00000002  0.00100000  0.99999999  0.99999998  2.49999999  1.00000000  0.00200000 
-0.36200000 -0.00000001  0.00100000  0.99999999  0.99999999  2.49999999  1.00000000  0.00200000 
-0.36100000 -0.00000000  0.00100000  1.00000000  1.00000000  2.50000000  1.00000000  0.00200000 
-0.36000000 -0.00000000  0.00100000  1.00000000  1.00000000  2.50000000  1.00000000  0.00200000 
-0.35900000 -0.00000000  0.00100000  1.00000000  1.00000000  2.50000000  1.00000000  0.00200000 
-0.35800000 -0.00000000  0.00100000  1.00000000  1.00000000  2.50000000  1.00000000  0.00200000 
-0.35700000 -0.00000000  0.00100000  1.00000000  1.00000000  2.50000000  1.00000000  0.00200000 
-0.35600000 -0.00000000  0.00100000  1.00000000  1.00000000  2.50000000  1.00000000  0.00200000 
-0.35500000 -0.00000000  0.00100000  1.00000000  1.00000000  2.50000000  1.00000000  0.00200000 
-0.35400000 -0.00000000  0.00100000  1.00000000  1.00000000  2.50000000  1.00000000  0.00200000 
-0.35300000 -0.00000000  0.00100000  1.00000000  1.00000000  2.50000000  1.00000000  0.00200000 
-0.35200000 -0.00000000  0.00100000  1.00000000  1.00000000  2.50000000  1.00000000  0.00200000 
-0.35100000 -0.00000000  0.00100000  1.00000000  1.00000000  2.50000000  1.00000000  0.00200000 
-0.35000000 -0.00000000  0.00100000  1.00000000  1.00000000  2.50000000  1.00000000  0.00200000 
-0.34900000 -0.00000000  0.00100000  1.00000000  1.00000000  2.50000000  1.00000000  0.00200000 
-0.34800000 -0.00000000  0.00100000  1.00000000  1.00000000  2.50000000  1.00000000  0.00200000 
-0.34700000 -0.00000000  0.00100000  1.00000000  1.00000000  2.50000000  1.00000000  0.00200000 
-0.34600000 -0.00000000  0.00100000  1.00000000  1.00000000  2.50000000  1.00000000  0.00200000 
-0.34500000  0.00000000  0.00100000  1.00000000  1.00000000  2.50000000  1.00000000  0.00200000 
-0.34400000  0.00000000  0.00100000  1.00000000  1.00000000  2.50000000  1.00000000  0.00200000 
-0.34300000  0.00000000  0.00100000  1.00000000  1.00000000  2.50000000  1.00000000  0.00200000 
-0.34200000 -0.00000000  0.00100000  1.00000000  1.00000000  2.50000000  1.00000000  0.00200000 
-0.34100000 -0.00000000  0.00100000  1.00000000  1.00000000  2.50000000  1.00000000  0.00200000 
-0.34000000 -0.00000000  0.00100000  1.00000000  1.00000000  2.50000000  1.00000000  0.00200000 
-0.33900000 -0.00000000  0.00100000  1.00000000  1.00000000  2.50000000  1.00000000  0.00200000 
-0.33800000  0.00000000  0.00100000  1.00000000  1.00000000  2.50000000  1.00000000  0.00200000 
-0.33700000  0.00000000  0.00100000  1.00000000  1.00000000  2.50000000  1.00000000  0.00200000 
-0.33600000  0.00000000  0.00100000  1.00000000  1.00000000  2.50000000  1.00000000  0.00200000 
-0.33500000  0.00000000  0.00100000  1.00000000  1.00000000  2.50000000  1.00000000  0.00200000 
-0.33400000  0.00000000  0.00100000  1.00000000  1.00000000  2.50000000  1.00000000  0.00200000 
-0.33300000  0.00000000  0.00100000  1.00000000  1.00000000  2.50000000  1.00000000  0.00200000 
-0.33200000 -0.00000000  0.00100000  1.00000000  1.00000000  2.50000000  1.00000000  0.00200000 
-0.33100000 -0.00000000  0.00100000  1.00000000  1.00000000  2.50000000  1.00000000  0.00200000 
-0.33000000 -0.00000000  0.00100000  1.00000000  1.00000000  2.50000000  1.00000000  0.00200000 
-0.32900000  0.00000000  0.00100000  1.00000000  1.00000000  2.50000000  1.00000000  0.00200000 
-0.32800000  0.00000000  0.00100000  1.00000000  1.00000000  2.50000000  1.00000000  0.00200000 
-0.32700000  0.00000000  0.00100000  1.00000000  1.00000000  2.50000000  1.00000000  0.00200000 
-0.32600000  0.00000000  0.00100000  1.00000000  1.00000000  2.50000000  1.00000000  0.00200000 
-0.32500000  0.00000000  0.00100000  1.00000000  1.00000000  2.50000000  1.00000000  0.00200000 
-0.32400000  0.00000000  0.00100000  1.00000000  1.00000000  2.50000000  1.00000000  0.00200000 
-0.32300000  0.00000000  0.00100000  1.00000000  1.00000000  2.50000000  1.00000000  0.00200000 
-0.32200000 -0.00000000  0.00100000  1.00000000  1.00000000  2.50000000  1.00000000  0.00200000 
-0.32100000 -0.00000000  0.00100000  1.00000000  1.00000000  2.50000000  1.00000000  0.00200000 
-0.32000000 -0.00000000  0.00100000  1.00000000  1.00000000  2.50000000  1.00000000  0.00200000 
-0.31900000  0.00000000  0.00100000  1.00000000  1.00000000  2.50000000  1.00000000  0.00200000 
-0.31800000  0.00000000  0.00100000  1.00000000  1.00000000  2.50000000  1.00000000  0.00200000 
-0.31700000  0.00000000  0.00100000  1.00000000  1.00000000  2.50000000  1.00000000  0.00200000 
-0.31600000  0.00000000  0.00100000  1.00000000  1.00000000  2.50000000  1.00000000  0.00200000 
-0.31500000  0.00000000  0.00100000  1.00000000  1.00000000  2.50000000  1.00000000  0.00200000 
-0.31400000  0.00000000  0.00100000  1.00000000  1.00000000  2.50000000  1.00000000  0.00200000 
-0.31300000  0.00000000  0.00100000  1.00000000  1.00000000  2.50000000  1.00000000  0.00200000 
-0.31200000 -0.00000000  0.00100000  1.00000000  1.00000000  2.50000000  1.00000000  0.00200000 
-0.31100000 -0.00000000  0.00100000  1.00000000  1.00000000  2.50000000  1.00000000  0.00200000 
-0.31000000 -0.00000000  0.00100000  1.00000000  1.00000000  2.50000000  1.00000000  0.00200000 
-0.30900000 -0.00000000  0.00100000  1.00000000  1.00000000  2.50000000  1.00000000  0.00200000 
-0.30800000  0.00000000  0.00100000  1.00000000  1.00000000  2.50000000  1.00000000  0.00200000 
-0.30700000  0.00000000  0.00100000  1.00000000  1.00000000  2.50000000  1.00000000  0.00200000 
-0.30600000  0.00000000  0.00100000  1.00000000  1.00000000  2.50000000  1.00000000  0.00200000 
-0.30500000  0.00000000  0.00100000  1.00000000  1.00000000  2.50000000  1.00000000  0.00200000 
-0.30400000  0.00000000  0.00100000  1.00000000  1.00000000  2.50000000  1.00000000  0.00200000 
-0.30300000  0.00000000  0.00100000  1.00000000  1.00000000  2.50000000  1.00000000  0.00200000 
-0.30200000 -0.00000000  0.00100000  1.00000000  1.00000000  2.50000000  1.00000000  0.00200000 
-0.30100000 -0.00000000  0.00100000  1.00000000  1.00000000  2.50000000  1.00000000  0.00200000 
-0.30000000 -0.00000000  0.00100000  1.00000000  1.00000000  2.50000000  1.00000000  0.00200000 
-0.29900000  0.00000000  0.00100000  1.00000000  1.00000000  2.50000000  1.00000000  0.00200000 
-0.29800000  0.00000000  0.00100000  1.00000000  1.00000000  2.50000000  1.00000000  0.00200000 
-0.29700000  0.00000000  0.00100000  1.00000000  1.00000000  2.50000000  1.00000000  0.00200000 
-0.29600000  0.00000000  0.00100000  1.00000000  1.00000000  2.50000000  1.00000000  0.00200000 
-0.29500000  0.00000000  0.00100000  1.00000000  1.00000000  2.50000000  1.00000000  0.00200000 
-0.29400000  0.00000000  0.00100000  1.00000000  1.00000000  2.50000000  1.00000000  0.00200000 
-0.29300000  0.00000000  0.00100000  1.00000000  1.00000000  2.50000000  1.00000000  0.00200000 
-0.29200000 -0.00000000  0.00100000  1.00000000  1.00000000  2.50000000  1.00000000  0.00200000 
-0.29100000 -0.00000000  0.00100000  1.00000000  1.00000000  2.50000000  1.00000000  0.00200000 
-0.29000000 -0.00000000  0.00100000  1.00000000  1.00000000  2.50000000  1.00000000  0.00200000 
-0.28900000  0.00000000  0.00100000  1.00000000  1.00000000  2.50000000  1.00000000  0.00200000 
-0.28800000  0.00000000  0.00100000  1.00000000  1.00000000  2.50000000  1.00000000  0.00200000 
-0.28700000  0.00000000  0.00100000  1.00000000  1.00000000  2.50000000  1.00000000  0.00200000 
-0.28600000  0.00000000  0.00100000  1.00000000  1.00000000  2.50000000  1.00000000  0.00200000 
-0.28500000  0.00000000  0.00100000  1.00000000  1.00000000  2.50000000  1.00000000  0.00200000 
-0.28400000  0.00000000  0.00100000  1.00000000  1.00000000  2.50000000  1.00000000  0.00200000 
-0.28300000  0.00000000  0.00100000  1.00000000  1.00000000  2.50000000  1.00000000  0.00200000 
-0.28200000 -0.00000000  0.00100000  1.00000000  1.00000000  2.50000000  1.00000000  0.00200000 
-0.28100000 -0.00000000  0.00100000  1.00000000  1.00000000  2.50000000  1.00000000  0.00200000 
-0.28000000 -0.00000000  0.00100000  1.00000000  1.00000000  2.50000000  1.00000000  0.00200000 
-0.27900000 -0.00000000  0.00100000  1.00000000  1.00000000  2.50000000  1.00000000  0.00200000 
-0.27800000  0.00000000  0.00100000  1.00000000  1.00000000  2.50000000  1.00000000  0.00200000 
-0.27700000  0.00000000  0.00100000  1.00000000  1.00000000  2.50000000  1.00000000  0.00200000 
-0.27600000  0.00000000  0.00100000  1.00000000  1.00000000  2.50000000  1.00000000  0.00200000 
-0.27500000  0.00000000  0.00100000  1.00000000  1.00000000  2.50000000  1.00000000  0.00200000 
-0.27400000  0.00000000  0.00100000  1.00000000  1.00000000  2.50000000  1.00000000  0.00200000 
-0.27300000  0.00000000  0.00100000  1.00000000  1.00000000  2.50000000  1.00000000  0.00200000 
-0.27200000 -0.00000000  0.00100000  1.00000000  1.00000000  2.50000000  1.00000000  0.00200000 
-0.27100000 -0.00000000  0.00100000  1.00000000  1.00000000  2.50000000  1.00000000  0.00200000 
-0.27000000 -0.00000000  0.00100000  1.00000000  1.00000000  2.50000000  1.00000000  0.00200000 
-0.26900000  0.00000000  0.00100000  1.00000000  1.00000000  2.50000000  1.00000000  0.00200000 
-0.26800000  0.00000000  0.00100000  1.00000000  1.00000000  2.50000000  1.00000000  0.00200000 
-0.26700000 -0.00000000  0.00100000  1.00000000  1.00000000  2.50000000  1.00000000  0.00200000 
-0.26600000 -0.00000000  0.00100000  1.00000000  1.00000000  2.50000000  1.00000000  0.00200000 
-0.26500000 -0.00000000  0.00100000  1.00000000  1.00000000  2.50000000  1.00000000  0.00200000 
-0.26400000 -0.00000000  0.00100000  1.00000000  1.00000000  2.50000000  1.00000000  0.00200000 
-0.26300000  0.00000000  0.00100000  1.00000000  1.00000000  2.50000000  1.00000000  0.00200000 
-0.26200000  0.00000000  0.00100000  1.00000000  1.00000000  2.50000000  1.00000000  0.00200000 
-0.26100000 -0.00000000  0.00100000  1.00000000  1.00000000  2.50000000  1.00000000  0.00200000 
-0.26000000 -0.00000000  0.00100000  1.00000000  1.00000000  2.50000000  1.00000000  0.00200000 
-0.25900000 -0.00000000  0.00100000  1.00000000  1.00000000  2.50000000  1.00000000  0.00200000 
-0.25800000  0.00000000  0.00100000  1.00000000  1.00000000  2.50000000  1.00000000  0.00200000 
-0.25700000 -0.00000000  0.00100000  1.00000000  1.00000000  2.50000000  1.00000000  0.00200000 
-0.25600000 -0.00000000  0.00100000  1.00000000  1.00000000  2.50000000  1.00000000  0.00200000 
-0.25500000  0.00000000  0.00100000  1.00000000  1.00000000  2.50000000  1.00000000  0.00200000 
-0.25400000  0.00000000  0.00100000  1.00000000  1.00000000  2.50000000  1.00000000  0.00200000 
-0.25300000 -0.00000000  0.00100000  1.00000000  1.00000000  2.50000000  1.00000000  0.00200000 
-0.25200000 -0.00000000  0.00100000  1.00000000  1.00000000  2.50000000  1.00000000  0.00200000 
-0.25100000  0.00000000  0.00100000  1.00000000  1.00000000  2.50000000  1.00000000  0.00200000 
-0.25000000  0.00000000  0.00100000  1.00000000  1.00000000  2.50000000  1.00000000  0.00200000 
-0.24900000 -0.00000000  0.00100000  1.00000000  1.00000000  2.50000000  1.00000000  0.00200000 
-0.24800000 -0.00000000  0.00100000  1.00000000  1.00000000  2.50000000  1.00000000  0.00200000 
-0.24700000  0.00000000  0.00100000  1.00000000  1.00000000  2.50000000  1.00000000  0.00200000 
-0.24600000  0.00000000  0.00100000  1.00000000  1.00000000  2.50000000  1.00000000  0.00200000 
-0.24500000  0.00000000  0.00100000  1.00000000  1.00000000  2.50000000  1.00000000  0.00200000 
-0.24400000 -0.00000000  0.00100000  1.00000000  1.00000000  2.50000000  1.00000000  0.00200000 
-0.24300000 -0.00000000  0.00100000  1.00000000  1.00000000  2.50000000  1.00000000  0.00200000 
-0.24200000  0.00000000  0.00100000  1.00000000  1.00000000  2.50000000  1.00000000  0.00200000 
-0.24100000 -0.00000000  0.00100000  1.00000000  1.00000000  2.50000000  1.00000000  0.00200000 
-0.24000000 -0.00000000  0.00100000  1.00000000  1.00000000  2.50000000  1.00000000  0.00200000 
-0.23900000  0.00000000  0.00100000  1.00000000  1.00000000  2.50000000  1.00000000  0.00200000 
-0.23800000  0.00000000  0.00100000  1.00000000  1.00000000  2.50000000  1.00000000  0.00200000 
-0.23700000 -0.00000000  0.00100000  1.00000000  1.00000000  2.50000000  1.00000000  0.00200000 
-0.23600000 -0.00000000  0.00100000  1.00000000  1.00000000  2.50000000  1.00000000  0.00200000 
-0.23500000 -0.00000000  0.00100000  1.00000000  1.00000000  2.50000000  1.00000000  0.00200000 
-0.23400000  0.00000000  0.00100000  1.00000000  1.00000000  2.50000000  1.00000000  0.00200000 
-0.23300000  0.00000000  0.00100000  1.00000000  1.00000000  2.50000000  1.00000000  0.00200000 
-0.23200000  0.00000000  0.00100000  1.00000000  1.00000000  2.50000000  1.00000000  0.00200000 
-0.23100000 -0.00000000  0.00100000  1.00000000  1.00000000  2.50000000  1.00000000  0.00200000 
-0.23000000 -0.00000000  0.00100000  1.00000000  1.00000000  2.50000000  1.00000000  0.00200000 
-0.22900000  0.00000000  0.00100000  1.00000000  1.00000000  2.50000000  1.00000000  0.00200000 
-0.22800000  0.00000000  0.00100000  1.00000000  1.00000000  2.50000000  1.00000000  0.00200000 
-0.22700000  0.00000000  0.00100000  1.00000000  1.00000000  2.50000000  1.00000000  0.00200000 
-0.22600000  0.00000000  0.00100000  1.00000000  1.00000000  2.50000000  1.00000000  0.00200000 
-0.22500000  0.00000000  0.00100000  1.00000000  1.00000000  2.50000000  1.00000000  0.00200000 
-0.22400000  0.00000000  0.00100000  1.00000000  1.00000000  2.50000000  1.00000000  0.00200000 
-0.22300000 -0.00000000  0.00100000  1.00000000  1.00000000  2.50000000  1.00000000  0.00200000 
-0.22200000 -0.00000000  0.00100000  1.00000000  1.00000000  2.50000000  1.00000000  0.00200000 
-0.22100000 -0.00000000  0.00100000  1.00000000  1.00000000  2.50000000  1.00000000  0.00200000 
-0.22000000  0.00000000  0.00100000  1.00000000  1.00000000  2.50000000  1.00000000  0.00200000 
-0.21900000  0.00000000  0.00100000  1.00000000  1.00000000  2.50000000  1.00000000  0.00200000 
-0.21800000 -0.00000000  0.00100000  1.00000000  1.00000000  2.50000000  1.00000000  0.00200000 
-0.21700000 -0.00000000  0.00100000  1.00000000  1.00000000  2.50000000  1.00000000  0.00200000 
-0.21600000  0.00000000  0.00100000  1.00000000  1.00000000  2.50000000  1.00000000  0.00200000 
-0.21500000 -0.00000000  0.00100000  1.00000000  1.00000000  2.50000000  1.00000000  0.00200000 
-0.21400000 -0.00000000  0.00100000  1.00000000  1.00000000  2.50000000  1.00000000  0.00200000 
-0.21300000  0.00000000  0.00100000  1.00000000  1.00000000  2.50000000  1.00000000  0.00200000 
-0.21200000  0.00000000  0.00100000  1.00000000  1.00000000  2.50000000  1.00000000  0.00200000 
-0.21100000 -0.00000000  0.00100000  1.00000000  1.00000000  2.50000000  1.00000000  0.00200000 
-0.21000000 -0.00000000  0.00100000  1.00000000  1.00000000  2.50000000  1.00000000  0.00200000 
-0.20900000 -0.00000000  0.00100000  1.00000000  1.00000000  2.50000000  1.00000000  0.00200000 
-0.20800000  0.00000000  0.00100000  1.00000000  1.00000000  2.50000000  1.00000000  0.00200000 
-0.20700000  0.00000000  0.00100000  1.00000000  1.00000000  2.50000000  1.00000000  0.00200000 
-0.20600000 -0.00000000  0.00100000  1.00000000  1.00000000  2.50000000  1.00000000  0.00200000 
-0.20500000 -0.00000000  0.00100000  1.00000000  1.00000000  2.50000000  1.00000000  0.00200000 
-0.20400000 -0.00000000  0.00100000  1.00000000  1.00000000  2.50000000  1.00000000  0.00200000 
-0.20300000  0.00000000  0.00100000  1.00000000  1.00000000  2.50000000  1.00000000  0.00200000 
-0.20200000  0.00000000  0.00100000  1.00000000  1.00000000  2.50000000  1.00000000  0.00200000 
-0.20100000 -0.00000000  0.00100000  1.00000000  1.00000000  2.50000000  1.00000000  0.00200000 
-0.20000000 -0.00000000  0.00100000  1.00000000  1.00000000  2.50000000  1.00000000  0.00200000 
-0.19900000 -0.00000000  0.00100000  1.00000000  1.00000000  2.50000000  1.00000000  0.00200000 
-0.19800000  0.00000000  0.00100000  1.00000000  1.00000000  2.50000000  1.00000000  0.00200000 
-0.19700000  0.00000000  0.00100000  1.00000000  1.00000000  2.50000000  1.00000000  0.00200000 
-0.19600000  0.00000000  0.00100000  1.00000000  1.00000000  2.50000000  1.00000000  0.00200000 
-0.19500000  0.00000000  0.00100000  1.00000000  1.00000000  2.50000000  1.00000000  0.00200000 
-0.19400000  0.00000000  0.00100000  1.00000000  1.00000000  2.50000000  1.00000000  0.00200000 
-0.19300000  0.00000000  0.00100000  1.00000000  1.00000000  2.50000000  1.00000000  0.00200000 
-0.19200000  0.00000000  0.00100000  1.00000000  1.00000000  2.50000000  1.00000000  0.00200000 
-0.19100000 -0.00000000  0.00100000  1.00000000  1.00000000  2.50000000  1.00000000  0.00200000 
-0.19000000 -0.00000000  0.00100000  1.00000000  1.00000000  2.50000000  1.00000000  0.00200000 
-0.18900000  0.00000000  0.00100000  1.00000000  1.00000000  2.50000000  1.00000000  0.00200000 
-0.18800000  0.00000000  0.00100000  1.00000000  1.00000000  2.50000000  1.00000000  0.00200000 
-0.18700000  0.00000000  0.00100000  1.00000000  1.00000000  2.50000000  1.00000000  0.00200000 
-0.18600000  0.00000000  0.00100000  1.00000000  1.00000000  2.50000000  1.00000000  0.00200000 
-0.18500000 -0.00000000  0.00100000  1.00000000  1.00000000  2.50000000  1.00000000  0.00200000 
-0.18400000 -0.00000000  0.00100000  1.00000000  1.00000000  2.50000000  1.00000000  0.00200000 
-0.18300000 -0.00000000  0.00100000  1.00000000  1.00000000  2.50000000  1.00000000  0.00200000 
-0.18200000  0.00000000  0.00100000  1.00000000  1.00000000  2.50000000  1.00000000  0.00200000 
-0.18100000  0.00000000  0.00100000  1.00000000  1.00000000  2.50000000  1.00000000  0.00200000 
-0.18000000 -0.00000000  0.00100000  1.00000000  1.00000000  2.50000000  1.00000000  0.00200000 
-0.17900000 -0.00000000  0.00100000  1.00000000  1.00000000  2.50000000  1.00000000  0.00200000 
-0.17800000  0.00000000  0.00100000  1.00000000  1.00000000  2.50000000  1.00000000  0.00200000 
-0.17700000  0.00000000  0.00100000  1.00000000  1.00000000  2.50000000  1.00000000  0.00200000 
-0.17600000 -0.00000000  0.00100000  1.00000000  1.00000000  2.50000000  1.00000000  0.00200000 
-0.17500000 -0.00000000  0.00100000  1.00000000  1.00000000  2.50000000  1.00000000  0.00200000 
-0.17400000  0.00000000  0.00100000  1.00000000  1.00000000  2.50000000  1.00000000  0.00200000 
-0.17300000  0.00000000  0.00100000  1.00000000  1.00000000  2.50000000  1.00000000  0.00200000 
-0.17200000  0.00000000  0.00100000  1.00000000  1.00000000  2.50000000  1.00000000  0.00200000 
-0.17100000 -0.00000000  0.00100000  1.00000000  1.00000000  2.50000000  1.00000000  0.00200000 
-0.17000000 -0.00000000  0.00100000  1.00000000  1.00000000  2.50000000  1.00000000  0.00200000 
-0.16900000  0.00000000  0.00100000  1.00000000  1.00000000  2.50000000  1.00000000  0.00200000 
-0.16800000  0.00000000  0.00100000  1.00000000  1.00000000  2.50000000  1.00000000  0.00200000 
-0.16700000 -0.00000000  0.00100000  1.00000000  1.00000000  2.50000000  1.00000000  0.00200000 
-0.16600000 -0.00000000  0.00100000  1.00000000  1.00000000  2.50000000  1.00000000  0.00200000 
-0.16500000 -0.00000000  0.00100000  1.00000000  1.00000000  2.50000000  1.00000000  0.00200000 
-0.16400000  0.00000000  0.00100000  1.00000000  1.00000000  2.50000000  1.00000000  0.00200000 
-0.16300000  0.00000000  0.00100000  1.00000000  1.00000000  2.50000000  1.00000000  0.00200000 
-0.16200000  0.00000000  0.00100000  1.00000000  1.00000000  2.50000000  1.00000000  0.00200000 
-0.16100000 -0.00000000  0.00100000  1.00000000  1.00000000  2.50000000  1.00000000  0.00200000 
-0.16000000 -0.00000000  0.00100000  1.00000000  1.00000000  2.50000000  1.00000000  0.00200000 
-0.15900000 -0.00000000  0.00100000  1.00000000  1.00000000  2.50000000  1.00000000  0.00200000 
-0.15800000  0.00000000  0.00100000  1.00000000  1.00000000  2.50000000  1.00000000  0.00200000 
-0.15700000  0.00000000  0.00100000  1.00000000  1.00000000  2.50000000  1.00000000  0.00200000 
-0.15600000  0.00000000  0.00100000  1.00000000  1.00000000  2.50000000  1.00000000  0.00200000 
-0.15500000 -0.00000000  0.00100000  1.00000000  1.00000000  2.50000000  1.00000000  0.00200000 
-0.15400000 -0.00000000  0.00100000  1.00000000  1.00000000  2.50000000  1.00000000  0.00200000 
-0.15300000  0.00000000  0.00100000  1.00000000  1.00000000  2.50000000  1.00000000  0.00200000 
-0.15200000  0.00000000  0.00100000  1.00000000  1.00000000  2.50000000  1.00000000  0.00200000 
-0.15100000 -0.00000000  0.00100000  1.00000000  1.00000000  2.50000000  1.00000000  0.00200000 
-0.15000000 -0.00000000  0.00100000  1.00000000  1.00000000  2.50000000  1.00000000  0.00200000 
-0.14900000 -0.00000000  0.00100000  1.00000000  1.00000000  2.50000000  1.00000000  0.00200000 
-0.14800000  0.00000000  0.00100000  1.00000000  1.00000000  2.50000000  1.00000000  0.00200000 
-0.14700000  0.00000000  0.00100000  1.00000000  1.00000000  2.50000000  1.00000000  0.00200000 
-0.14600000 -0.00000000  0.00100000  1.00000000  1.00000000  2.50000000  1.00000000  0.00200000 
-0.14500000 -0.00000000  0.00100000  1.00000000  1.00000000  2.50000000  1.00000000  0.00200000 
-0.14400000  0.00000000  0.00100000  1.00000000  1.00000000  2.50000000  1.00000000  0.00200000 
-0.14300000  0.00000000  0.00100000  1.00000000  1.00000000  2.50000000  1.00000000  0.00200000 
-0.14200000  0.00000000  0.00100000  1.00000000  1.00000000  2.50000000  1.00000000  0.00200000 
-0.14100000 -0.00000000  0.00100000  1.00000000  1.00000000  2.50000000  1.00000000  0.00200000 
-0.14000000 -0.00000000  0.00100000  1.00000000  1.00000000  2.50000000  1.00000000  0.00200000 
-0.13900000  0.00000000  0.00100000  1.00000000  1.00000000  2.50000000  1.00000000  0.00200000 
-0.13800000  0.00000000  0.00100000  1.00000000  1.00000000  2.50000000  1.00000000  0.00200000 
-0.13700000  0.00000000  0.00100000  1.00000000  1.00000000  2.50000000  1.00000000  0.00200000 
-0.13600000 -0.00000000  0.00100000  1.00000000  1.00000000  2.50000000  1.00000000  0.00200000 
-0.13500000 -0.00000000  0.00100000  1.00000000  1.00000000  2.50000000  1.00000000  0.00200000 
-0.13400000 -0.00000000  0.00100000  1.00000000  1.00000000  2.50000000  1.00000000  0.00200000 
-0.13300000  0.00000000  0.00100000  1.00000000  1.00000000  2.50000000  1.00000000  0.00200000 
-0.13200000  0.00000000  0.00100000  1.00000000  1.00000000  2.50000000  1.00000000  0.00200000 
-0.13100000  0.00000000  0.00100000  1.00000000  1.00000000  2.50000000  1.00000000  0.00200000 
-0.13000000 -0.00000000  0.00100000  1.00000000  1.00000000  2.50000000  1.00000000  0.00200000 
-0.12900000 -0.00000000  0.00100000  1.00000000  1.00000000  2.50000000  1.00000000  0.00200000 
-0.12800000  0.00000000  0.00100000  1.00000000  1.00000000  2.50000000  1.00000000  0.00200000 
-0.12700000 -0.00000000  0.00100000  1.00000000  1.00000000  2.50000000  1.00000000  0.00200000 
-0.12600000 -0.00000000  0.00100000  1.00000000  1.00000000  2.50000000  1.00000000  0.00200000 
-0.12500000 -0.00000000  0.00100000  1.00000000  1.00000000  2.50000000  1.00000000  0.00200000 
-0.12400000  0.00000000  0.00100000  1.00000000  1.00000000  2.50000000  1.00000000  0.00200000 
-0.12300000  0.00000000  0.00100000  1.00000000  1.00000000  2.50000000  1.00000000  0.00200000 
-0.12200000 -0.00000000  0.00100000  1.00000000  1.00000000  2.50000000  1.00000000  0.00200000 
-0.12100000 -0.00000000  0.00100000  1.00000000  1.00000000  2.50000000  1.00000000  0.00200000 
-0.12000000 -0.00000000  0.00100000  1.00000000  1.00000000  2.50000000  1.00000000  0.00200000 
-0.11900000  0.00000000  0.00100000  1.00000000  1.00000000  2.50000000  1.00000000  0.00200000 
-0.11800000  0.00000000  0.00100000  1.00000000  1.00000000  2.50000000  1.00000000  0.00200000 
-0.11700000  0.00000000  0.00100000  1.00000000  1.00000000  2.50000000  1.00000000  0.00200000 
-0.11600000 -0.00000000  0.00100000  1.00000000  1.00000000  2.50000000  1.00000000  0.00200000 
-0.11500000 -0.00000000  0.00100000  1.00000000  1.00000000  2.50000000  1.00000000  0.00200000 
-0.11400000 -0.00000000  0.00100000  1.00000000  1.00000000  2.50000000  1.00000000  0.00200000 
-0.11300000  0.00000000  0.00100000  1.00000000  1.00000000  2.50000000  1.00000000  0.00200000 
-0.11200000  0.00000000  0.00100000  1.00000000  1.00000000  2.50000000  1.00000000  0.00200000 
-0.11100000  0.00000000  0.00100000  1.00000000  1.00000000  2.50000000  1.00000000  0.00200000 
-0.11000000 -0.00000000  0.00100000  1.00000000  1.00000000  2.50000000  1.00000000  0.00200000 
-0.10900000 -0.00000000  0.00100000  1.00000000  1.00000000  2.50000000  1.00000000  0.00200000 
-0.10800000 -0.00000000  0.00100000  1.00000000  1.00000000  2.50000000  1.00000000  0.00200000 
-0.10700000  0.00000000  0.00100000  1.00000000  1.00000000  2.50000000  1.00000000  0.00200000 
-0.10600000  0.00000000  0.00100000  1.00000000  1.00000000  2.50000000  1.00000000  0.00200000 
-0.10500000  0.00000000  0.00100000  1.00000000  1.00000000  2.50000000  1.00000000  0.00200000 
-0.10400000 -0.00000000  0.00100000  1.00000000  1.00000000  2.50000000  1.00000000  0.00200000 
-0.10300000 -0.00000000  0.00100000  1.00000000  1.00000000  2.50000000  1.00000000  0.00200000 
-0.10200000 -0.00000000  0.00100000  1.00000000  1.00000000  2.50000000  1.00000000  0.00200000 
-0.10100000  0.00000000  0.00100000  1.00000000  1.00000000  2.50000000  1.00000000  0.00200000 
-0.10000000  0.00000000  0.00100000  1.00000000  1.00000000  2.50000000  1.00000000  0.00200000 
-0.09900000 -0.00000000  0.00100000  1.00000000  1.00000000  2.50000000  1.00000000  0.00200000 
-0.09800000 -0.00000000  0.00100000  1.00000000  1.00000000  2.50000000  1.00000000  0.00200000 
-0.09700000 -0.00000000  0.00100000  1.00000000  1.00000000  2.50000000  1.00000000  0.00200000 
-0.09600000  0.00000000  0.00100000  1.00000000  1.00000000  2.50000000  1.00000000  0.00200000 
-0.09500000  0.00000000  0.00100000  1.00000000  1.00000000  2.50000000  1.00000000  0.00200000 
-0.09400000 -0.00000000  0.00100000  1.00000000  1.00000000  2.50000000  1.00000000  0.00200000 
-0.09300000 -0.00000000  0.00100000  1.00000000  1.00000000  2.50000000  1.00000000  0.00200000 
-0.09200000 -0.00000000  0.00100000  1.00000000  1.00000000  2.50000000  1.00000000  0.00200000 
-0.09100000  0.00000000  0.00100000  1.00000000  1.00000000  2.50000000  1.00000000  0.00200000 
-0.09000000  0.00000000  0.00100000  1.00000000  1.00000000  2.50000000  1.00000000  0.00200000 
-0.08900000 -0.00000000  0.00100000  1.00000000  1.00000000  2.50000000  1.00000000  0.00200000 
-0.08800000 -0.00000000  0.00100000  1.00000000  1.00000000  2.50000000  1.00000000  0.00200000 
-0.08700000 -0.00000000  0.00100000  1.00000000  1.00000000  2.50000000  1.00000000  0.00200000 
-0.08600000 -0.00000000  0.00100000  1.00000000  1.00000000  2.50000000  1.00000000  0.00200000 
-0.08500000  0.00000000  0.00100000  1.00000000  1.00000000  2.50000000  1.00000000  0.00200000 
-0.08400000  0.00000000  0.00100000  1.00000000  1.00000000  2.50000000  1.00000000  0.00200000 
-0.08300000  0.00000000  0.00100000  1.00000000  1.00000000  2.50000000  1.00000000  0.00200000 
-0.08200000  0.00000000  0.00100000  1.00000000  1.00000000  2.50000000  1.00000000  0.00200000 
-0.08100000  0.00000000  0.00100000  1.00000000  1.00000000  2.50000000  1.00000000  0.00200000 
-0.08000000  0.00000000  0.00100000  1.00000000  1.00000000  2.50000000  1.00000000  0.00200000 
-0.07900000 -0.00000000  0.00100000  1.00000000  1.00000000  2.50000000  1.00000000  0.00200000 
-0.07800000 -0.00000000  0.00100000  1.00000000  1.00000000  2.50000000  1.00000000  0.00200000 
-0.07700000 -0.00000000  0.00100000  1.00000000  1.00000000  2.50000000  1.00000000  0.00200000 
-0.07600000 -0.00000000  0.00100000  1.00000000  1.00000000  2.50000000  1.00000000  0.00200000 
-0.07500000  0.00000000  0.00100000  1.00000000  1.00000000  2.50000000  1.00000000  0.00200000 
-0.07400000  0.00000000  0.00100000  1.00000000  1.00000000  2.50000000  1.00000000  0.00200000 
-0.07300000  0.00000000  0.00100000  1.00000000  1.00000000  2.50000000  1.00000000  0.00200000 
-0.07200000 -0.00000000  0.00100000  1.00000000  1.00000000  2.50000000  1.00000000  0.00200000 
-0.07100000 -0.00000000  0.00100000  1.00000000  1.00000000  2.50000000  1.00000000  0.00200000 
-0.07000000 -0.00000000  0.00100000  1.00000000  1.00000000  2.50000000  1.00000000  0.00200000 
-0.06900000 -0.00000000  0.00100000  1.00000000  1.00000000  2.50000000  1.00000000  0.00200000 
-0.06800000 -0.00000000  0.00100000  1.00000000  1.00000000  2.50000000  1.00000000  0.00200000 
-0.06700000 -0.00000000  0.00100000  1.00000000  1.00000000  2.50000000  1.00000000  0.00200000 
-0.06600000  0.00000000  0.00100000  1.00000000  1.00000000  2.50000000  1.00000000  0.00200000 
-0.06500000  0.00000000  0.00100000  1.00000000  1.00000000  2.50000000  1.00000000  0.00200000 
-0.06400000  0.00000000  0.00100000  1.00000000  1.00000000  2.50000000  1.00000000  0.00200000 
-0.06300000 -0.00000000  0.00100000  1.00000000  1.00000000  2.50000000  1.00000000  0.00200000 
-0.06200000 -0.00000000  0.00100000  1.00000000  1.00000000  2.50000000  1.00000000  0.00200000 
-0.06100000 -0.00000000  0.00100000  1.00000000  1.00000000  2.50000000  1.00000000  0.00200000 
-0.06000000 -0.00000000  0.00100000  1.00000000  1.00000000  2.50000000  1.00000000  0.00200000 
-0.05900000 -0.00000000  0.00100000  1.00000000  1.00000000  2.50000000  1.00000000  0.00200000 
-0.05800000  0.00000000  0.00100000  1.00000000  1.00000000  2.50000000  1.00000000  0.00200000 
-0.05700000  0.00000000  0.00100000  1.00000000  1.00000000  2.50000000  1.00000000  0.00200000 
-0.05600000  0.00000000  0.00100000  1.00000000  1.00000000  2.50000000  1.00000000  0.00200000 
-0.05500000 -0.00000000  0.00100000  1.00000000  1.00000000  2.50000000  1.00000000  0.00200000 
-0.05400000 -0.00000000  0.00100000  1.00000000  1.00000000  2.50000000  1.00000000  0.00200000 
-0.05300000 -0.00000000  0.00100000  1.00000000  1.00000000  2.50000000  1.00000000  0.00200000 
-0.05200000  0.00000000  0.00100000  1.00000000  1.00000000  2.50000000  1.00000000  0.00200000 
-0.05100000  0.00000000  0.00100000  1.00000000  1.00000000  2.50000000  1.00000000  0.00200000 
-0.05000000  0.00000000  0.00100000  1.00000000  1.00000000  2.50000000  1.00000000  0.00200000 
-0.04900000  0.00000000  0.00100000  1.00000000  1.00000000  2.50000000  1.00000000  0.00200000 
-0.04800000 -0.00000000  0.00100000  1.00000000  1.00000000  2.50000000  1.00000000  0.00200000 
-0.04700000 -0.00000000  0.00100000  1.00000000  1.00000000  2.50000000  1.00000000  0.00200000 
-0.04600000 -0.00000000  0.00100000  1.00000000  1.00000000  2.50000000  1.00000000  0.00200000 
-0.04500000 -0.00000000  0.00100000  1.00000000  1.00000000  2.50000000  1.00000000  0.00200000 
-0.04400000 -0.00000000  0.00100000  1.00000000  1.00000000  2.50000000  1.00000000  0.00200000 
-0.04300000  0.00000000  0.00100000  1.00000000  1.00000000  2.50000000  1.00000000  0.00200000 
-0.04200000  0.00000000  0.00100000  1.00000000  1.00000000  2.50000000  1.00000000  0.00200000 
-0.04100000  0.00000000  0.00100000  1.00000000  1.00000000  2.50000000  1.00000000  0.00200000 
-0.04000000 -0.00000000  0.00100000  1.00000000  1.00000000  2.50000000  1.00000000  0.00200000 
-0.03900000 -0.00000000  0.00100000  1.00000000  1.00000000  2.50000000  1.00000000  0.00200000 
-0.03800000 -0.00000000  0.00100000  1.00000000  1.00000000  2.50000000  1.00000000  0.00200000 
-0.03700000  0.00000000  0.00100000  1.00000000  1.00000000  2.50000000  1.00000000  0.00200000 
-0.03600000  0.00000000  0.00100000  1.00000000  1.00000000  2.50000000  1.00000000  0.00200000 
-0.03500000  0.00000000  0.00100000  1.00000000  1.00000000  2.50000000  1.00000000  0.00200000 
-0.03400000 -0.00000000  0.00100000  1.00000000  1.00000000  2.50000000  1.00000000  0.00200000 
-0.03300000 -0.00000000  0.00100000  1.00000000  1.00000000  2.50000000  1.00000000  0.00200000 
-0.03200000 -0.00000000  0.00100000  1.00000000  1.00000000  2.50000000  1.00000000  0.00200000 
-0.03100000  0.00000000  0.00100000  1.00000000  1.00000000  2.50000000  1.00000000  0.00200000 
-0.03000000  0.00000000  0.00100000  1.00000000  1.00000000  2.50000000  1.00000000  0.00200000 
-0.02900000  0.00000000  0.00100000  1.00000000  1.00000000  2.50000000  1.00000000  0.00200000 
-0.02800000  0.00000000  0.00100000  1.00000000  1.00000000  2.50000000  1.00000000  0.00200000 
-0.02700000 -0.00000000  0.00100000  1.00000000  1.00000000  2.50000000  1.00000000  0.00200000 
-0.02600000 -0.00000000  0.00100000  1.00000000  1.00000000  2.50000000  1.00000000  0.00200000 
-0.02500000 -0.00000000  0.00100000  1.00000000  1.00000000  2.50000000  1.00000000  0.00200000 
-0.02400000  0.00000000  0.00100000  1.00000000  1.00000000  2.50000000  1.00000000  0.00200000 
-0.02300000  0.00000000  0.00100000  1.00000000  1.00000000  2.50000000  1.00000000  0.00200000 
-0.02200000  0.00000000  0.00100000  1.00000000  1.00000000  2.50000000  1.00000000  0.00200000 
-0.02100000 -0.00000000  0.00100000  1.00000000  1.00000000  2.50000000  1.00000000  0.00200000 
-0.02000000 -0.00000000  0.00100000  1.00000000  1.00000000  2.50000000  1.00000000  0.00200000 
-0.01900000  0.00000000  0.00100000  1.00000000  1.00000000  2.50000000  1.00000000  0.00200000 
-0.01800000  0.00000000  0.00100000  1.00000000  1.00000000  2.50000000  1.00000000  0.00200000 
-0.01700000  0.00000000  0.00100000  1.00000000  1.00000000  2.50000000  1.00000000  0.00200000 
-0.01600000  0.00000000  0.00100000  1.00000000  1.00000000  2.50000000  1.00000000  0.00200000 
-0.01500000 -0.00000000  0.00100000  1.00000000  1.00000000  2.50000000  1.00000000  0.00200000 
-0.01400000 -0.00000000  0.00100000  1.00000000  1.00000000  2.50000000  1.00000000  0.00200000 
-0.01300000 -0.00000000  0.00100000  1.00000000  1.00000000  2.50000000  1.00000000  0.00200000 
-0.01200000 -0.00000000  0.00100000  1.00000000  1.00000000  2.50000000  1.00000000  0.00200000 
-0.01100000  0.00000000  0.00100000  1.00000000  1.00000000  2.50000000  1.00000000  0.00200000 
-0.01000000  0.00000000  0.00100000  1.00000000  1.00000000  2.50000000  1.00000000  0.00200000 
-0.00900000  0.00000000  0.00100000  1.00000000  1.00000000  2.50000000  1.00000000  0.00200000 
-0.00800000 -0.00000000  0.00100000  1.00000000  1.00000000  2.50000000  1.00000000  0.00200000 
-0.00700000 -0.00000000  0.00100000  1.00000000  1.00000000  2.50000000  1.00000000  0.00200000 
-0.00600000 -0.00000000  0.00100000  1.00000000  1.00000000  2.50000000  1.00000000  0.00200000 
-0.00500000  0.00000000  0.00100000  1.00000000  1.00000000  2.50000000  1.00000000  0.00200000 
-0.00400000  0.00000000  0.00100000  1.00000000  1.00000000  2.50000000  1.00000000  0.00200000 
-0.00300000  0.00000000  0.00100000  1.00000000  1.00000000  2.50000000  1.00000000  0.00200000 
-0.00200000 -0.00000000  0.00100000  1.00000000  1.00000000  2.50000000  1.00000000  0.00200000 
-0.00100000 -0.00000000  0.00100000  1.00000000  1.00000000  2.50000000  1.00000000  0.00200000 
 0.00000000 -0.00000000  0.00100000  1.00000000  1.00000000  2.50000000  1.00000000  0.00200000 
 0.00100000  0.00000000  0.00100000  1.00000000  1.00000000  2.50000000  1.00000000  0.00200000 
 0.00200000  0.00000000  0.00100000  1.00000000  1.00000000  2.50000000  1.00000000  0.00200000 
 0.00300000  0.00000000  0.00100000  1.00000000  1.00000000  2.50000000  1.00000000  0.00200000 
 0.00400000 -0.00000000  0.00100000  1.00000000  1.00000000  2.50000000  1.00000000  0.00200000 
 0.00500000 -0.00000000  0.00100000  1.00000000  1.00000000  2.50000000  1.00000000  0.00200000 
 0.00600000  0.00000000  0.00100000  1.00000000  1.00000000  2.50000000  1.00000000  0.00200000 
 0.00700000  0.00000000  0.00100000  1.00000000  1.00000000  2.50000000  1.00000000  0.00200000 
 0.00800000  0.00000000  0.00100000  1.00000000  1.00000000  2.50000000  1.00000000  0.00200000 
 0.00900000 -0.00000000  0.00100000  1.00000000  1.00000000  2.50000000  1.00000000  0.00200000 
 0.01000000 -0.00000000  0.00100000  1.00000000  1.00000000  2.50000000  1.00000000  0.00200000 
 0.01100000 -0.00000000  0.00100000  1.00000000  1.00000000  2.50000000  1.00000000  0.00200000 
 0.01200000  0.00000000  0.00100000  1.00000000  1.00000000  2.50000000  1.00000000  0.00200000 
 0.01300000  0.00000000  0.00100000  1.00000000  1.00000000  2.50000000  1.00000000  0.00200000 
 0.01400000  0.00000000  0.00100000  1.00000000  1.00000000  2.50000000  1.00000000  0.00200000 
 0.01500000 -0.00000000  0.00100000  1.00000000  1.00000000  2.50000000  1.00000000  0.00200000 
 0.01600000 -0.00000000  0.00100000  1.00000000  1.00000000  2.50000000  1.00000000  0.00200000 
 0.01700000 -0.00000000  0.00100000  1.00000000  1.00000000  2.50000000  1.00000000  0.00200000 
 0.01800000  0.00000000  0.00100000  1.00000000  1.00000000  2.50000000  1.00000000  0.00200000 
 0.01900000  0.00000000  0.00100000  1.00000000  1.00000000  2.50000000  1.00000000  0.00200000 
 0.02000000  0.00000000  0.00100000  1.00000000  1.00000000  2.50000000  1.00000000  0.00200000 
 0.02100000  0.00000000  0.00100000  1.00000000  1.00000000  2.50000000  1.00000000  0.00200000 
 0.02200000 -0.00000000  0.00100000  1.00000000  1.00000000  2.50000000  1.00000000  0.00200000 
 0.02300000 -0.00000000  0.00100000  1.00000000  1.00000000  2.50000000  1.00000000  0.00200000 
 0.02400000 -0.00000000  0.00100000  1.00000000  1.00000000  2.50000000  1.00000000  0.00200000 
 0.02500000  0.00000000  0.00100000  1.00000000  1.00000000  2.50000000  1.00000000  0.00200000 
 0.02600000  0.00000000  0.00100000  1.00000000  1.00000000  2.50000000  1.00000000  0.00200000 
 0.02700000  0.00000000  0.00100000  1.00000000  1.00000000  2.50000000  1.00000000  0.00200000 
 0.02800000  0.00000000  0.00100000  1.00000000  1.00000000  2.50000000  1.00000000  0.00200000 
 0.02900000 -0.00000000  0.00100000  1.00000000  1.00000000  2.50000000  1.00000000  0.00200000 
 0.03000000 -0.00000000  0.00100000  1.00000000  1.00000000  2.50000000  1.00000000  0.00200000 
 0.03100000 -0.00000000  0.00100000  1.00000000  1.00000000  2.50000000  1.00000000  0.00200000 
 0.03200000  0.00000000  0.00100000  1.00000000  1.00000000  2.50000000  1.00000000  0.00200000 
 0.03300000  0.00000000  0.00100000  1.00000000  1.00000000  2.50000000  1.00000000  0.00200000 
 0.03400000  0.00000000  0.00100000  1.00000000  1.00000000  2.50000000  1.00000000  0.00200000 
 0.03500000 -0.00000000  0.00100000  1.00000000  1.00000000  2.50000000  1.00000000  0.00200000 
 0.03600000 -0.00000000  0.00100000  1.00000000  1.00000000  2.50000000  1.00000000  0.00200000 
 0.03700000 -0.00000000  0.00100000  1.00000000  1.00000000  2.50000000  1.00000000  0.00200000 
 0.03800000  0.00000000  0.00100000  1.00000000  1.00000000  2.50000000  1.00000000  0.00200000 
 0.03900000  0.00000000  0.00100000  1.00000000  1.00000000  2.50000000  1.00000000  0.00200000 
 0.04000000 -0.00000000  0.00100000  1.00000000  1.00000000  2.50000000  1.00000000  0.00200000 
 0.04100000 -0.00000000  0.00100000  1.00000000  1.00000000  2.50000000  1.00000000  0.00200000 
 0.04200000 -0.00000000  0.00100000  1.00000000  1.00000000  2.50000000  1.00000000  0.00200000 
 0.04300000  0.00000000  0.00100000  1.00000000  1.00000000  2.50000000  1.00000000  0.00200000 
 0.04400000  0.00000000  0.00100000  1.00000000  1.00000000  2.50000000  1.00000000  0.00200000 
 0.04500000 -0.00000000  0.00100000  1.00000000  1.00000000  2.50000000  1.00000000  0.00200000 
 0.04600000 -0.00000000  0.00100000  1.00000000  1.00000000  2.50000000  1.00000000  0.00200000 
 0.04700000  0.00000000  0.00100000  1.00000000  1.00000000  2.50000000  1.00000000  0.00200000 
 0.04800000  0.00000000  0.00100000  1.00000000  1.00000000  2.50000000  1.00000000  0.00200000 
 0.04900000  0.00000000  0.00100000  1.00000000  1.00000000  2.50000000  1.00000000  0.00200000 
 0.05000000 -0.00000000  0.00100000  1.00000000  1.00000000  2.50000000  1.00000000  0.00200000 
 0.05100000 -0.00000000  0.00100000  1.00000000  1.00000000  2.50000000  1.00000000  0.00200000 
 0.05200000 -0.00000000  0.00100000  1.00000000  1.00000000  2.50000000  1.00000000  0.00200000 
 0.05300000  0.00000000  0.00100000  1.00000000  1.00000000  2.50000000  1.00000000  0.00200000 
 0.05400000  0.00000000  0.00100000  1.00000000  1.00000000  2.50000000  1.00000000  0.00200000 
 0.05500000  0.00000000  0.00100000  1.00000000  1.00000000  2.50000000  1.00000000  0.00200000 
 0.05600000  0.00000000  0.00100000  1.00000000  1.00000000  2.50000000  1.00000000  0.00200000 
 0.05700000  0.00000000  0.00100000  1.00000000  1.00000000  2.50000000  1.00000000  0.00200000 
 0.05800000 -0.00000000  0.00100000  1.00000000  1.00000000  2.50000000  1.00000000  0.00200000 
 0.05900000 -0.00000000  0.00100000  1.00000000  1.00000000  2.50000000  1.00000000  0.00200000 
 0.06000000 -0.00000000  0.00100000  1.00000000  1.00000000  2.50000000  1.00000000  0.00200000 
 0.06100000  0.00000000  0.00100000  1.00000000  1.00000000  2.50000000  1.00000000  0.00200000 
 0.06200000  0.00000000  0.00100000  1.00000000  1.00000000  2.50000000  1.00000000  0.00200000 
 0.06300000  0.00000000  0.00100000  1.00000000  1.00000000  2.50000000  1.00000000  0.00200000 
 0.06400000  0.00000000  0.00100000  1.00000000  1.00000000  2.50000000  1.00000000  0.00200000 
 0.06500000 -0.00000000  0.00100000  1.00000000  1.00000000  2.50000000  1.00000000  0.00200000 
 0.06600000 -0.00000000  0.00100000  1.00000000  1.00000000  2.50000000  1.00000000  0.00200000 
 0.06700000 -0.00000000  0.00100000  1.00000000  1.00000000  2.50000000  1.00000000  0.00200000 
 0.06800000  0.00000000  0.00100000  1.00000000  1.00000000  2.50000000  1.00000000  0.00200000 
 0.06900000  0.00000000  0.00100000  1.00000000  1.00000000  2.50000000  1.00000000  0.00200000 
 0.07000000  0.00000000  0.00100000  1.00000000  1.00000000  2.50000000  1.00000000  0.00200000 
 0.07100000  0.00000000  0.00100000  1.00000000  1.00000000  2.50000000  1.00000000  0.00200000 
 0.07200000  0.00000000  0.00100000  1.00000000  1.00000000  2.50000000  1.00000000  0.00200000 
 0.07300000  0.00000000  0.00100000  1.00000000  1.00000000  2.50000000  1.00000000  0.00200000 
 0.07400000 -0.00000000  0.00100000  1.00000000  1.00000000  2.50000000  1.00000000  0.00200000 
 0.07500000 -0.00000000  0.00100000  1.00000000  1.00000000  2.50000000  1.00000000  0.00200000 
 0.07600000 -0.00000000  0.00100000  1.00000000  1.00000000  2.50000000  1.00000000  0.00200000 
 0.07700000  0.00000000  0.00100000  1.00000000  1.00000000  2.50000000  1.00000000  0.00200000 
 0.07800000 -0.00000000  0.00100000  1.00000000  1.00000000  2.50000000  1.00000000  0.00200000 
 0.07900000 -0.00000000  0.00100000  1.00000000  1.00000000  2.50000000  1.00000000  0.00200000 
 0.08000000 -0.00000000  0.00100000  1.00000000  1.00000000  2.50000000  1.00000000  0.00200000 
 0.08100000  0.00000000  0.00100000  1.00000000  1.00000000  2.50000000  1.00000000  0.00200000 
 0.08200000  0.00000000  0.00100000  1.00000000  1.00000000  2.50000000  1.00000000  0.00200000 
 0.08300000  0.00000000  0.00100000  1.00000000  1.00000000  2.50000000  1.00000000  0.00200000 
 0.08400000  0.00000000  0.00100000  1.00000000  1.00000000  2.50000000  1.00000000  0.00200000 
 0.08500000 -0.00000000  0.00100000  1.00000000  1.00000000  2.50000000  1.00000000  0.00200000 
 0.08600000 -0.00000000  0.00100000  1.00000000  1.00000000  2.50000000  1.00000000  0.00200000 
 0.08700000 -0.00000000  0.00100000  1.00000000  1.00000000  2.50000000  1.00000000  0.00200000 
 0.08800000  0.00000000  0.00100000  1.00000000  1.00000000  2.50000000  1.00000000  0.00200000 
 0.08900000  0.00000000  0.00100000  1.00000000  1.00000000  2.50000000  1.00000000  0.00200000 
 0.09000000  0.00000000  0.00100000  1.00000000  1.00000000  2.50000000  1.00000000  0.00200000 
 0.09100000  0.00000000  0.00100000  1.00000000  1.00000000  2.50000000  1.00000000  0.00200000 
 0.09200000 -0.00000000  0.00100000  1.00000000  1.00000000  2.50000000  1.00000000  0.00200000 
 0.09300000 -0.00000000  0.00100000  1.00000000  1.00000000  2.50000000  1.00000000  0.00200000 
 0.09400000 -0.00000000  0.00100000  1.00000000  1.00000000  2.50000000  1.00000000  0.00200000 
 0.09500000  0.00000000  0.00100000  1.00000000  1.00000000  2.50000000  1.00000000  0.00200000 
 0.09600000  0.00000000  0.00100000  1.00000000  1.00000000  2.50000000  1.00000000  0.00200000 
 0.09700000  0.00000000  0.00100000  1.00000000  1.00000000  2.50000000  1.00000000  0.00200000 
 0.09800000 -0.00000000  0.00100000  1.00000000  1.00000000  2.50000000  1.00000000  0.00200000 
 0.09900000 -0.00000000  0.00100000  1.00000000  1.00000000  2.50000000  1.00000000  0.00200000 
 0.10000000 -0.00000000  0.00100000  1.00000000  1.00000000  2.50000000  1.00000000  0.00200000 
 0.10100000 -0.00000000  0.00100000  1.00000000  1.00000000  2.50000000  1.00000000  0.00200000 
 0.10200000  0.00000000  0.00100000  1.00000000  1.00000000  2.50000000  1.00000000  0.00200000 
 0.10300000  0.00000000  0.00100000  1.00000000  1.00000000  2.50000000  1.00000000  0.00200000 
 0.10400000  0.00000000  0.00100000  1.00000000  1.00000000  2.50000000  1.00000000  0.00200000 
 0.10500000 -0.00000000  0.00100000  1.00000000  1.00000000  2.50000000  1.00000000  0.00200000 
 0.10600000 -0.00000000  0.00100000  1.00000000  1.00000000  2.50000000  1.00000000  0.00200000 
 0.10700000 -0.00000000  0.00100000  1.00000000  1.00000000  2.50000000  1.00000000  0.00200000 
 0.10800000  0.00000000  0.00100000  1.00000000  1.00000000  2.50000000  1.00000000  0.00200000 
 0.10900000  0.00000000  0.00100000  1.00000000  1.00000000  2.50000000  1.00000000  0.00200000 
 0.11000000  0.00000000  0.00100000  1.00000000  1.00000000  2.50000000  1.00000000  0.00200000 
 0.11100000 -0.00000000  0.00100000  1.00000000  1.00000000  2.50000000  1.00000000  0.00200000 
 0.11200000 -0.00000000  0.00100000  1.00000000  1.00000000  2.50000000  1.00000000  0.00200000 
 0.11300000 -0.00000000  0.00100000  1.00000000  1.00000000  2.50000000  1.00000000  0.00200000 
 0.11400000  0.00000000  0.00100000  1.00000000  1.00000000  2.50000000  1.00000000  0.00200000 
 0.11500000  0.00000000  0.00100000  1.00000000  1.00000000  2.50000000  1.00000000  0.00200000 
 0.11600000  0.00000000  0.00100000  1.00000000  1.00000000  2.50000000  1.00000000  0.00200000 
 0.11700000 -0.00000000  0.00100000  1.00000000  1.00000000  2.50000000  1.00000000  0.00200000 
 0.11800000 -0.00000000  0.00100000  1.00000000  1.00000000  2.50000000  1.00000000  0.00200000 
 0.11900000 -0.00000000  0.00100000  1.00000000  1.00000000  2.50000000  1.00000000  0.00200000 
 0.12000000  0.00000000  0.00100000  1.00000000  1.00000000  2.50000000  1.00000000  0.00200000 
 0.12100000  0.00000000  0.00100000  1.00000000  1.00000000  2.50000000  1.00000000  0.00200000 
 0.12200000  0.00000000  0.00100000  1.00000000  1.00000000  2.50000000  1.00000000  0.00200000 
 0.12300000 -0.00000000  0.00100000  1.00000000  1.00000000  2.50000000  1.00000000  0.00200000 
 0.12400000 -0.00000000  0.00100000  1.00000000  1.00000000  2.50000000  1.00000000  0.00200000 
 0.12500000 -0.00000000  0.00100000  1.00000000  1.00000000  2.50000000  1.00000000  0.00200000 
 0.12600000  0.00000000  0.00100000  1.00000000  1.00000000  2.50000000  1.00000000  0.00200000 
 0.12700000  0.00000000  0.00100000  1.00000000  1.00000000  2.50000000  1.00000000  0.00200000 
 0.12800000  0.00000000  0.00100000  1.00000000  1.00000000  2.50000000  1.00000000  0.00200000 
 0.12900000 -0.00000000  0.00100000  1.00000000  1.00000000  2.50000000  1.00000000  0.00200000 
 0.13000000 -0.00000000  0.00100000  1.00000000  1.00000000  2.50000000  1.00000000  0.00200000 
 0.13100000 -0.00000000  0.00100000  1.00000000  1.00000000  2.50000000  1.00000000  0.00200000 
 0.13200000  0.00000000  0.00100000  1.00000000  1.00000000  2.50000000  1.00000000  0.00200000 
 0.13300000  0.00000000  0.00100000  1.00000000  1.00000000  2.50000000  1.00000000  0.00200000 
 0.13400000  0.00000000  0.00100000  1.00000000  1.00000000  2.50000000  1.00000000  0.00200000 
 0.13500000 -0.00000000  0.00100000  1.00000000  1.00000000  2.50000000  1.00000000  0.00200000 
 0.13600000 -0.00000000  0.00100000  1.00000000  1.00000000  2.50000000  1.00000000  0.00200000 
 0.13700000 -0.00000000  0.00100000  1.00000000  1.00000000  2.50000000  1.00000000  0.00200000 
 0.13800000  0.00000000  0.00100000  1.00000000  1.00000000  2.50000000  1.00000000  0.00200000 
 0.13900000  0.00000000  0.00100000  1.00000000  1.00000000  2.50000000  1.00000000  0.00200000 
 0.14000000  0.00000000  0.00100000  1.00000000  1.00000000  2.50000000  1.00000000  0.00200000 
 0.14100000 -0.00000000  0.00100000  1.00000000  1.00000000  2.50000000  1.00000000  0.00200000 
 0.14200000 -0.00000000  0.00100000  1.00000000  1.00000000  2.50000000  1.00000000  0.00200000 
 0.14300000 -0.00000000  0.00100000  1.00000000  1.00000000  2.50000000  1.00000000  0.00200000 
 0.14400000  0.00000000  0.00100000  1.00000000  1.00000000  2.50000000  1.00000000  0.00200000 
 0.14500000  0.00000000  0.00100000  1.00000000  1.00000000  2.50000000  1.00000000  0.00200000 
 0.14600000  0.00000000  0.00100000  1.00000000  1.00000000  2.50000000  1.00000000  0.00200000 
 0.14700000 -0.00000000  0.00100000  1.00000000  1.00000000  2.50000000  1.00000000  0.00200000 
 0.14800000 -0.00000000  0.00100000  1.00000000  1.00000000  2.50000000  1.00000000  0.00200000 
 0.14900000 -0.00000000  0.00100000  1.00000000  1.00000000  2.50000000  1.00000000  0.00200000 
 0.15000000  0.00000000  0.00100000  1.00000000  1.00000000  2.50000000  1.00000000  0.00200000 
 0.15100000  0.00000000  0.00100000  1.00000000  1.00000000  2.50000000  1.00000000  0.00200000 
 0.15200000 -0.00000000  0.00100000  1.00000000  1.00000000  2.50000000  1.00000000  0.00200000 
 0.15300000  0.00000000  0.00100000  1.00000000  1.00000000  2.50000000  1.00000000  0.00200000 
 0.15400000  0.00000000  0.00100000  1.00000000  1.00000000  2.50000000  1.00000000  0.00200000 
 0.15500000  0.00000000  0.00100000  1.00000000  1.00000000  2.50000000  1.00000000  0.00200000 
 0.15600000 -0.00000000  0.00100000  1.00000000  1.00000000  2.50000000  1.00000000  0.00200000 
 0.15700000 -0.00000000  0.00100000  1.00000000  1.00000000  2.50000000  1.00000000  0.00200000 
 0.15800000 -0.00000000  0.00100000  1.00000000  1.00000000  2.50000000  1.00000000  0.00200000 
 0.15900000  0.00000000  0.00100000  1.00000000  1.00000000  2.50000000  1.00000000  0.00200000 
 0.16000000  0.00000000  0.00100000  1.00000000  1.00000000  2.50000000  1.00000000  0.00200000 
 0.16100000  0.00000000  0.00100000  1.00000000  1.00000000  2.50000000  1.00000000  0.00200000 
 0.16200000 -0.00000000  0.00100000  1.00000000  1.00000000  2.50000000  1.00000000  0.00200000 
 0.16300000 -0.00000000  0.00100000  1.00000000  1.00000000  2.50000000  1.00000000  0.00200000 
 0.16400000 -0.00000000  0.00100000  1.00000000  1.00000000  2.50000000  1.00000000  0.00200000 
 0.16500000  0.00000000  0.00100000  1.00000000  1.00000000  2.50000000  1.00000000  0.00200000 
 0.16600000 -0.00000000  0.00100000  1.00000000  1.00000000  2.50000000  1.00000000  0.00200000 
 0.16700000 -0.00000000  0.00100000  1.00000000  1.00000000  2.50000000  1.00000000  0.00200000 
 0.16800000  0.00000000  0.00100000  1.00000000  1.00000000  2.50000000  1.00000000  0.00200000 
 0.16900000  0.00000000  0.00100000  1.00000000  1.00000000  2.50000000  1.00000000  0.00200000 
 0.17000000  0.00000000  0.00100000  1.00000000  1.00000000  2.50000000  1.00000000  0.00200000 
 0.17100000 -0.00000000  0.00100000  1.00000000  1.00000000  2.50000000  1.00000000  0.00200000 
 0.17200000 -0.00000000  0.00100000  1.00000000  1.00000000  2.50000000  1.00000000  0.00200000 
 0.17300000 -0.00000000  0.00100000  1.00000000  1.00000000  2.50000000  1.00000000  0.00200000 
 0.17400000  0.00000000  0.00100000  1.00000000  1.00000000  2.50000000  1.00000000  0.00200000 
 0.17500000 -0.00000000  0.00100000  1.00000000  1.00000000  2.50000000  1.00000000  0.00200000 
 0.17600000 -0.00000000  0.00100000  1.00000000  1.00000000  2.50000000  1.00000000  0.00200000 
 0.17700000 -0.00000000  0.00100000  1.00000000  1.00000000  2.50000000  1.00000000  0.00200000 
 0.17800000 -0.00000000  0.00100000  1.00000000  1.00000000  2.50000000  1.00000000  0.00200000 
 0.17900000  0.00000000  0.00100000  1.00000000  1.00000000  2.50000000  1.00000000  0.00200000 
 0.18000000  0.00000000  0.00100000  1.00000000  1.00000000  2.50000000  1.00000000  0.00200000 
 0.18100000  0.00000000  0.00100000  1.00000000  1.00000000  2.50000000  1.00000000  0.00200000 
 0.18200000  0.00000000  0.00100000  1.00000000  1.00000000  2.50000000  1.00000000  0.00200000 
 0.18300000  0.00000000  0.00100000  1.00000000  1.00000000  2.50000000  1.00000000  0.00200000 
 0.18400000 -0.00000000  0.00100000  1.00000000  1.00000000  2.50000000  1.00000000  0.00200000 
 0.18500000 -0.00000000  0.00100000  1.00000000  1.00000000  2.50000000  1.00000000  0.00200000 
 0.18600000 -0.00000000  0.00100000  1.00000000  1.00000000  2.50000000  1.00000000  0.00200000 
 0.18700000  0.00000000  0.00100000  1.00000000  1.00000000  2.50000000  1.00000000  0.00200000 
 0.18800000 -0.00000000  0.00100000  1.00000000  1.00000000  2.50000000  1.00000000  0.00200000 
 0.18900000 -0.00000000  0.00100000  1.00000000  1.00000000  2.50000000  1.00000000  0.00200000 
 0.19000000 -0.00000000  0.00100000  1.00000000  1.00000000  2.50000000  1.00000000  0.00200000 
 0.19100000 -0.00000000  0.00100000  1.00000000  1.00000000  2.50000000  1.00000000  0.00200000 
 0.19200000 -0.00000000  0.00100000  1.00000000  1.00000000  2.50000000  1.00000000  0.00200000 
 0.19300000 -0.00000000  0.00100000  1.00000000  1.00000000  2.50000000  1.00000000  0.00200000 
 0.19400000 -0.00000000  0.00100000  1.00000000  1.00000000  2.50000000  1.00000000  0.00200000 
 0.19500000 -0.00000000  0.00100000  1.00000000  1.00000000  2.50000000  1.00000000  0.00200000 
 0.19600000 -0.00000000  0.00100000  1.00000000  1.00000000  2.50000000  1.00000000  0.00200000 
 0.19700000 -0.00000000  0.00100000  1.00000000  1.00000000  2.50000000  1.00000000  0.00200000 
 0.19800000  0.00000000  0.00100000  1.00000000  1.00000000  2.50000000  1.00000000  0.00200000 
 0.19900000  0.00000000  0.00100000  1.00000000  1.00000000  2.50000000  1.00000000  0.00200000 
 0.20000000  0.00000000  0.00100000  1.00000000  1.00000000  2.50000000  1.00000000  0.00200000 
 0.20100000  0.00000000  0.00100000  1.00000000  1.00000000  2.50000000  1.00000000  0.00200000 
 0.20200000  0.00000000  0.00100000  1.00000000  1.00000000  2.50000000  1.00000000  0.00200000 
 0.20300000  0.00000000  0.00100000  1.00000000  1.00000000  2.50000000  1.00000000  0.00200000 
 0.20400000 -0.00000000  0.00100000  1.00000000  1.00000000  2.50000000  1.00000000  0.00200000 
 0.20500000 -0.00000000  0.00100000  1.00000000  1.00000000  2.50000000  1.00000000  0.00200000 
 0.20600000 -0.00000000  0.00100000  1.00000000  1.00000000  2.50000000  1.00000000  0.00200000 
 0.20700000  0.00000000  0.00100000  1.00000000  1.00000000  2.50000000  1.00000000  0.00200000 
 0.20800000  0.00000000  0.00100000  1.00000000  1.00000000  2.50000000  1.00000000  0.00200000 
 0.20900000  0.00000000  0.00100000  1.00000000  1.00000000  2.50000000  1.00000000  0.00200000 
 0.21000000 -0.00000000  0.00100000  1.00000000  1.00000000  2.50000000  1.00000000  0.00200000 
 0.21100000  0.00000000  0.00100000  1.00000000  1.00000000  2.50000000  1.00000000  0.00200000 
 0.21200000  0.00000000  0.00100000  1.00000000  1.00000000  2.50000000  1.00000000  0.00200000 
 0.21300000 -0.00000000  0.00100000  1.00000000  1.00000000  2.50000000  1.00000000  0.00200000 
 0.21400000 -0.00000000  0.00100000  1.00000000  1.00000000  2.50000000  1.00000000  0.00200000 
 0.21500000 -0.00000000  0.00100000  1.00000000  1.00000000  2.50000000  1.00000000  0.00200000 
 0.21600000  0.00000000  0.00100000  1.00000000  1.00000000  2.50000000  1.00000000  0.00200000 
 0.21700000  0.00000000  0.00100000  1.00000000  1.00000000  2.50000000  1.00000000  0.00200000 
 0.21800000  0.00000000  0.00100000  1.00000000  1.00000000  2.50000000  1.00000000  0.00200000 
 0.21900000 -0.00000000  0.00100000  1.00000000  1.00000000  2.50000000  1.00000000  0.00200000 
 0.22000000 -0.00000000  0.00100000  1.00000000  1.00000000  2.50000000  1.00000000  0.00200000 
 0.22100000  0.00000000  0.00100000  1.00000000  1.00000000  2.50000000  1.00000000  0.00200000 
 0.22200000  0.00000000  0.00100000  1.00000000  1.00000000  2.50000000  1.00000000  0.00200000 
 0.22300000 -0.00000000  0.00100000  1.00000000  1.00000000  2.50000000  1.00000000  0.00200000 
 0.22400000 -0.00000000  0.00100000  1.00000000  1.00000000  2.50000000  1.00000000  0.00200000 
 0.22500000  0.00000000  0.00100000  1.00000000  1.00000000  2.50000000  1.00000000  0.00200000 
 0.22600000  0.00000000  0.00100000  1.00000000  1.00000000  2.50000000  1.00000000  0.00200000 
 0.22700000  0.00000000  0.00100000  1.00000000  1.00000000  2.50000000  1.00000000  0.00200000 
 0.22800000 -0.00000000  0.00100000  1.00000000  1.00000000  2.50000000  1.00000000  0.00200000 
 0.22900000 -0.00000000  0.00100000  1.00000000  1.00000000  2.50000000  1.00000000  0.00200000 
 0.23000000 -0.00000000  0.00100000  1.00000000  1.00000000  2.50000000  1.00000000  0.00200000 
 0.23100000  0.00000000  0.00100000  1.00000000  1.00000000  2.50000000  1.00000000  0.00200000 
 0.23200000  0.00000000  0.00100000  1.00000000  1.00000000  2.50000000  1.00000000  0.00200000 
 0.23300000  0.00000000  0.00100000  1.00000000  1.00000000  2.50000000  1.00000000  0.00200000 
 0.23400000 -0.00000000  0.00100000  1.00000000  1.00000000  2.50000000  1.00000000  0.00200000 
 0.23500000 -0.00000000  0.00100000  1.00000000  1.00000000  2.50000000  1.00000000  0.00200000 
 0.23600000  0.00000000  0.00100000  1.00000000  1.00000000  2.50000000  1.00000000  0.00200000 
 0.23700000  0.00000000  0.00100000  1.00000000  1.00000000  2.50000000  1.00000000  0.00200000 
 0.23800000  0.00000000  0.00100000  1.00000000  1.00000000  2.50000000  1.00000000  0.00200000 
 0.23900000 -0.00000000  0.00100000  1.00000000  1.00000000  2.50000000  1.00000000  0.00200000 
 0.24000000 -0.00000000  0.00100000  1.00000000  1.00000000  2.50000000  1.00000000  0.00200000 
 0.24100000 -0.00000000  0.00100000  1.00000000  1.00000000  2.50000000  1.00000000  0.00200000 
 0.24200000  0.00000000  0.00100000  1.00000000  1.00000000  2.50000000  1.00000000  0.00200000 
 0.24300000  0.00000000  0.00100000  1.00000000  1.00000000  2.50000000  1.00000000  0.00200000 
 0.24400000  0.00000000  0.00100000  1.00000000  1.00000000  2.50000000  1.00000000  0.00200000 
 0.24500000 -0.00000000  0.00100000  1.00000000  1.00000000  2.50000000  1.00000000  0.00200000 
 0.24600000 -0.00000000  0.00100000  1.00000000  1.00000000  2.50000000  1.00000000  0.00200000 
 0.24700000 -0.00000000  0.00100000  1.00000000  1.00000000  2.50000000  1.00000000  0.00200000 
 0.24800000  0.00000000  0.00100000  1.00000000  1.00000000  2.50000000  1.00000000  0.00200000 
 0.24900000  0.00000000  0.00100000  1.00000000  1.00000000  2.50000000  1.00000000  0.00200000 
 0.25000000  0.00000000  0.00100000  1.00000000  1.00000000  2.50000000  1.00000000  0.00200000 
 0.25100000 -0.00000000  0.00100000  1.00000000  1.00000000  2.50000000  1.00000000  0.00200000 
 0.25200000 -0.00000000  0.00100000  1.00000000  1.00000000  2.50000000  1.00000000  0.00200000 
 0.25300000 -0.00000000  0.00100000  1.00000000  1.00000000  2.50000000  1.00000000  0.00200000 
 0.25400000  0.00000000  0.00100000  1.00000000  1.00000000  2.50000000  1.00000000  0.00200000 
 0.25500000  0.00000000  0.00100000  1.00000000  1.00000000  2.50000000  1.00000000  0.00200000 
 0.25600000  0.00000000  0.00100000  1.00000000  1.00000000  2.50000000  1.00000000  0.00200000 
 0.25700000 -0.00000000  0.00100000  1.00000000  1.00000000  2.50000000  1.00000000  0.00200000 
 0.25800000 -0.00000000  0.00100000  1.00000000  1.00000000  2.50000000  1.00000000  0.00200000 
 0.25900000  0.00000000  0.00100000  1.00000000  1.00000000  2.50000000  1.00000000  0.00200000 
 0.26000000  0.00000000  0.00100000  1.00000000  1.00000000  2.50000000  1.00000000  0.00200000 
 0.26100000  0.00000000  0.00100000  1.00000000  1.00000000  2.50000000  1.00000000  0.00200000 
 0.26200000 -0.00000000  0.00100000  1.00000000  1.00000000  2.50000000  1.00000000  0.00200000 
 0.26300000 -0.00000000  0.00100000  1.00000000  1.00000000  2.50000000  1.00000000  0.00200000 
 0.26400000  0.00000000  0.00100000  1.00000000  1.00000000  2.50000000  1.00000000  0.00200000 
 0.26500000  0.00000000  0.00100000  1.00000000  1.00000000  2.50000000  1.00000000  0.00200000 
 0.26600000  0.00000000  0.00100000  1.00000000  1.00000000  2.50000000  1.00000000  0.00200000 
 0.26700000 -0.00000000  0.00100000  1.00000000  1.00000000  2.50000000  1.00000000  0.00200000 
 0.26800000 -0.00000000  0.00100000  1.00000000  1.00000000  2.50000000  1.00000000  0.00200000 
 0.26900000  0.00000000  0.00100000  1.00000000  1.00000000  2.50000000  1.00000000  0.00200000 
 0.27000000  0.00000000  0.00100000  1.00000000  1.00000000  2.50000000  1.00000000  0.00200000 
 0.27100000  0.00000000  0.00100000  1.00000000  1.00000000  2.50000000  1.00000000  0.00200000 
 0.27200000 -0.00000000  0.00100000  1.00000000  1.00000000  2.50000000  1.00000000  0.00200000 
 0.27300000 -0.00000000  0.00100000  1.00000000  1.00000000  2.50000000  1.00000000  0.00200000 
 0.27400000  0.00000000  0.00100000  1.00000000  1.00000000  2.50000000  1.00000000  0.00200000 
 0.27500000  0.00000000  0.00100000  1.00000000  1.00000000  2.50000000  1.00000000  0.00200000 
 0.27600000 -0.00000000  0.00100000  1.00000000  1.00000000  2.50000000  1.00000000  0.00200000 
 0.27700000 -0.00000000  0.00100000  1.00000000  1.00000000  2.50000000  1.00000000  0.00200000 
 0.27800000 -0.00000000  0.00100000  1.00000000  1.00000000  2.50000000  1.00000000  0.00200000 
 0.27900000  0.00000000  0.00100000  1.00000000  1.00000000  2.50000000  1.00000000  0.00200000 
 0.28000000  0.00000000  0.00100000  1.00000000  1.00000000  2.50000000  1.00000000  0.00200000 
 0.28100000 -0.00000000  0.00100000  1.00000000  1.00000000  2.50000000  1.00000000  0.00200000 
 0.28200000 -0.00000000  0.00100000  1.00000000  1.00000000  2.50000000  1.00000000  0.00200000 
 0.28300000  0.00000000  0.00100000  1.00000000  1.00000000  2.50000000  1.00000000  0.00200000 
 0.28400000  0.00000000  0.00100000  1.00000000  1.00000000  2.50000000  1.00000000  0.00200000 
 0.28500000 -0.00000000  0.00100000  1.00000000  1.00000000  2.50000000  1.00000000  0.00200000 
 0.28600000 -0.00000000  0.00100000  1.00000000  1.00000000  2.50000000  1.00000000  0.00200000 
 0.28700000 -0.00000000  0.00100000  1.00000000  1.00000000  2.50000000  1.00000000  0.00200000 
 0.28800000 -0.00000000  0.00100000  1.00000000  1.00000000  2.50000000  1.00000000  0.00200000 
 0.28900000 -0.00000000  0.00100000  1.00000000  1.00000000  2.50000000  1.00000000  0.00200000 
 0.29000000 -0.00000000  0.00100000  1.00000000  1.00000000  2.50000000  1.00000000  0.00200000 
 0.29100000  0.00000000  0.00100000  1.00000000  1.00000000  2.50000000  1.00000000  0.00200000 
 0.29200000  0.00000000  0.00100000  1.00000000  1.00000000  2.50000000  1.00000000  0.00200000 
 0.29300000  0.00000000  0.00100000  1.00000000  1.00000000  2.50000000  1.00000000  0.00200000 
 0.29400000  0.00000000  0.00100000  1.00000000  1.00000000  2.50000000  1.00000000  0.00200000 
 0.29500000  0.00000000  0.00100000  1.00000000  1.00000000  2.50000000  1.00000000  0.00200000 
 0.29600000 -0.00000000  0.00100000  1.00000000  1.00000000  2.50000000  1.00000000  0.00200000 
 0.29700000 -0.00000000  0.00100000  1.00000000  1.00000000  2.50000000  1.00000000  0.00200000 
 0.29800000 -0.00000000  0.00100000  1.00000000  1.00000000  2.50000000  1.00000000  0.00200000 
 0.29900000 -0.00000000  0.00100000  1.00000000  1.00000000  2.50000000  1.00000000  0.00200000 
 0.30000000 -0.00000000  0.00100000  1.00000000  1.00000000  2.50000000  1.00000000  0.00200000 
 0.30100000 -0.00000000  0.00100000  1.00000000  1.00000000  2.50000000  1.00000000  0.00200000 
 0.30200000  0.00000000  0.00100000  1.00000000  1.00000000  2.50000000  1.00000000  0.00200000 
 0.30300000  0.00000000  0.00100000  1.00000000  1.00000000  2.50000000  1.00000000  0.00200000 
 0.30400000  0.00000000  0.00100000  1.00000000  1.00000000  2.50000000  1.00000000  0.00200000 
 0.30500000  0.00000000  0.00100000  1.00000000  1.00000000  2.50000000  1.00000000  0.00200000 
 0.30600000  0.00000000  0.00100000  1.00000000  1.00000000  2.50000000  1.00000000  0.00200000 
 0.30700000  0.00000000  0.00100000  1.00000000  1.00000000  2.50000000  1.00000000  0.00200000 
 0.30800000  0.00000000  0.00100000  1.00000000  1.00000000  2.50000000  1.00000000  0.00200000 
 0.30900000  0.00000000  0.00100000  1.00000000  1.00000000  2.50000000  1.00000000  0.00200000 
 0.31000000  0.00000000  0.00100000  1.00000000  1.00000000  2.50000000  1.00000000  0.00200000 
 0.31100000  0.00000000  0.00100000  1.00000000  1.00000000  2.50000000  1.00000000  0.00200000 
 0.31200000 -0.00000000  0.00100000  1.00000000  1.00000000  2.50000000  1.00000000  0.00200000 
 0.31300000 -0.00000000  0.00100000  1.00000000  1.00000000  2.50000000  1.00000000  0.00200000 
 0.31400000  0.00000000  0.00100000  1.00000000  1.00000000  2.50000000  1.00000000  0.00200000 
 0.31500000  0.00000000  0.00100000  1.00000000  1.00000000  2.50000000  1.00000000  0.00200000 
 0.31600000  0.00000000  0.00100000  1.00000000  1.00000000  2.50000000  1.00000000  0.00200000 
 0.31700000 -0.00000000  0.00100000  1.00000000  1.00000000  2.50000000  1.00000000  0.00200000 
 0.31800000 -0.00000000  0.00100000  1.00000000  1.00000000  2.50000000  1.00000000  0.00200000 
 0.31900000  0.00000000  0.00100000  1.00000000  1.00000000  2.50000000  1.00000000  0.00200000 
 0.32000000  0.00000000  0.00100000  1.00000000  1.00000000  2.50000000  1.00000000  0.00200000 
 0.32100000 -0.00000000  0.00100000  1.00000000  1.00000000  2.50000000  1.00000000  0.00200000 
 0.32200000 -0.00000000  0.00100000  1.00000000  1.00000000  2.50000000  1.00000000  0.00200000 
 0.32300000 -0.00000000  0.00100000  1.00000000  1.00000000  2.50000000  1.00000000  0.00200000 
 0.32400000  0.00000000  0.00100000  1.00000000  1.00000000  2.50000000  1.00000000  0.00200000 
 0.32500000  0.00000000  0.00100000  1.00000000  1.00000000  2.50000000  1.00000000  0.00200000 
 0.32600000  0.00000000  0.00100000  1.00000000  1.00000000  2.50000000  1.00000000  0.00200000 
 0.32700000 -0.00000000  0.00100000  1.00000000  1.00000000  2.50000000  1.00000000  0.00200000 
 0.32800000 -0.00000000  0.00100000  1.00000000  1.00000000  2.50000000  1.00000000  0.00200000 
 0.32900000 -0.00000000  0.00100000  1.00000000  1.00000000  2.50000000  1.00000000  0.00200000 
 0.33000000 -0.00000000  0.00100000  1.00000000  1.00000000  2.50000000  1.00000000  0.00200000 
 0.33100000  0.00000000  0.00100000  1.00000000  1.00000000  2.50000000  1.00000000  0.00200000 
 0.33200000  0.00000000  0.00100000  1.00000000  1.00000000  2.50000000  1.00000000  0.00200000 
 0.33300000 -0.00000000  0.00100000  1.00000000  1.00000000  2.50000000  1.00000000  0.00200000 
 0.33400000 -0.00000000  0.00100000  1.00000000  1.00000000  2.50000000  1.00000000  0.00200000 
 0.33500000  0.00000000  0.00100000  1.00000000  1.00000000  2.50000000  1.00000000  0.00200000 
 0.33600000  0.00000000  0.00100000  1.00000000  1.00000000  2.50000000  1.00000000  0.00200000 
 0.33700000  0.00000000  0.00100000  1.00000000  1.00000000  2.50000000  1.00000000  0.00200000 
 0.33800000  0.00000000  0.00100000  1.00000000  1.00000000  2.50000000  1.00000000  0.00200000 
 0.33900000 -0.00000000  0.00100000  1.00000000  1.00000000  2.50000000  1.00000000  0.00200000 
 0.34000000 -0.00000000  0.00100000  1.00000000  1.00000000  2.50000000  1.00000000  0.00200000 
 0.34100000 -0.00000000  0.00100000  1.00000000  1.00000000  2.50000000  1.00000000  0.00200000 
 0.34200000 -0.00000000  0.00100000  1.00000000  1.00000000  2.50000000  1.00000000  0.00200000 
 0.34300000 -0.00000000  0.00100000  1.00000000  1.00000000  2.50000000  1.00000000  0.00200000 
 0.34400000  0.00000000  0.00100000  1.00000000  1.00000000  2.50000000  1.00000000  0.00200000 
 0.34500000  0.00000000  0.00100000  1.00000000  1.00000000  2.50000000  1.00000000  0.00200000 
 0.34600000  0.00000000  0.00100000  1.00000000  1.00000000  2.50000000  1.00000000  0.00200000 
 0.34700000  0.00000000  0.00100000  1.00000000  1.00000000  2.50000000  1.00000000  0.00200000 
 0.34800000  0.00000000  0.00100000  1.00000000  1.00000000  2.50000000  1.00000000  0.00200000 
 0.34900000  0.00000000  0.00100000  1.00000000  1.00000000  2.50000000  1.00000000  0.00200000 
 0.35000000  0.00000000  0.00100000  1.00000000  1.00000000  2.50000000  1.00000000  0.00200000 
 0.35100000  0.00000000  0.00100000  1.00000000  1.00000000  2.50000000  1.00000000  0.00200000 
 0.35200000  0.00000000  0.00100000  1.00000000  1.00000000  2.50000000  1.00000000  0.00200000 
 0.35300000  0.00000000  0.00100000  1.00000000  1.00000000  2.50000000  1.00000000  0.00200000 
 0.35400000  0.00000000  0.00100000  1.00000000  1.00000000  2.50000000  1.00000000  0.00200000 
 0.35500000  0.00000000  0.00100000  1.00000000  1.00000000  2.50000000  1.00000000  0.00200000 
 0.35600000  0.00000000  0.00100000  1.00000000  1.00000000  2.50000000  1.00000000  0.00200000 
 0.35700000  0.00000000  0.00100000  1.00000000  1.00000000  2.50000000  1.00000000  0.00200000 
 0.35800000  0.00000000  0.00100000  1.00000000  1.00000000  2.50000000  1.00000000  0.00200000 
 0.35900000  0.00000000  0.00100000  1.00000000  1.00000000  2.50000000  1.00000000  0.00200000 
 0.36000000  0.00000000  0.00100000  1.00000000  1.00000000  2.50000000  1.00000000  0.00200000 
 0.36100000  0.00000000  0.00100000  1.00000000  1.00000000  2.50000000  1.00000000  0.00200000 
 0.36200000  0.00000001  0.00100000  0.99999999  0.99999999  2.49999999  1.00000000  0.00200000 
 0.36300000  0.00000002  0.00100000  0.99999999  0.99999998  2.49999999  1.00000000  0.00200000 
 0.36400000  0.00000004  0.00100000  0.99999997  0.99999997  2.49999997  1.00000000  0.00200000 
 0.36500000  0.00000007  0.00100000  0.99999995  0.99999993  2.49999994  0.99999999  0.00200000 
 0.36600000  0.00000015  0.00100000  0.99999989  0.99999985  2.49999988  0.99999998  0.00200000 
 0.36700000  0.00000031  0.00100000  0.99999977  0.99999969  2.49999975  0.99999996  0.00200000 
 0.36800000  0.00000063  0.00100000  0.99999954  0.99999938  2.49999949  0.99999992  0.00200000 
 0.36900000  0.00000125  0.00100000  0.99999908  0.99999875  2.49999899  0.99999984  0.00200000 
 0.37000000  0.00000246  0.00100000  0.99999818  0.99999754  2.49999802  0.99999968  0.00200000 
 0.37100001  0.00000476  0.00100000  0.99999646  0.99999522  2.49999616  0.99999938  0.00200001 
 0.37200001  0.00000909  0.00100000  0.99999322  0.99999082  2.49999265  0.99999880  0.00200001 
 0.37300003  0.00001710  0.00100000  0.99998719  0.99998265  2.49998616  0.99999773  0.00200003 
 0.37400005  0.00003170  0.00100000  0.99997615  0.99996768  2.49997433  0.99999576  0.00200005 
 0.37500010  0.00005785  0.00100000  0.99995629  0.99994072  2.49995311  0.99999222  0.00200009 
 0.37600018  0.00010385  0.00100000  0.99992118  0.99989304  2.49991575  0.99998593  0.00200016 
 0.37700032  0.00018324  0.00100000  0.99986027  0.99981026  2.49985119  0.99997499  0.00200028 
 0.37800057  0.00031755  0.00100000  0.99975671  0.99966938  2.49974185  0.99995632  0.00200049 
 0.37900099  0.00053993  0.00100000  0.99958430  0.99943466  2.49956057  0.99992514  0.00200083 
 0.38000170  0.00089979  0.00100000  0.99930376  0.99905236  2.49926682  0.99987421  0.00200139 
 0.38100286  0.00146804  0.00100000  0.99885821  0.99844465  2.49880229  0.99979296  0.00200229 
 0.38200474  0.00234212  0.00100000  0.99816889  0.99750352  2.49808661  0.99966665  0.00200367 
 0.38300767  0.00364946  0.00100000  0.99713189  0.99608633  2.49701439  0.99947558  0.00200575 
 0.38401216  0.00554718  0.00100000  0.99561800  0.99401550  2.49545524  0.99919490  0.00200880 
 0.38501886  0.00821594  0.00100000  0.99347752  0.99108507  2.49325867  0.99879520  0.00201313 
 0.38602859  0.01184587  0.00100000  0.99055182  0.98707688  2.49026565  0.99824442  0.00201908 
 0.38704235  0.01661455  0.00100000  0.98669217  0.98178674  2.48632694  0.99751111  0.00202697 
 0.38806125  0.02265933  0.00100000  0.98178378  0.97505815  2.48132639  0.99656890  0.00203711 
 0.38908653  0.03004923  0.00100000  0.97577065  0.96681695  2.47520476  0.99540142  0.00204966 
 0.39011940  0.03876361  0.00100000  0.96867452  0.95709768  2.46797790  0.99400643  0.00206468 
 0.39116101  0.04868464  0.00100000  0.96060170  0.94605243  2.45974335  0.99239810  0.00208203 
 0.39221237  0.05960734  0.00100000  0.95173397  0.93393744  2.45067213  0.99060635  0.00210143 
 0.39327425  0.07126616  0.00100000  0.94230456  0.92107877  2.44098645  0.98867315  0.00212246 
 0.39434718  0.08337174  0.00100000  0.93256496  0.90782562  2.43092860  0.98664671  0.00214462 
 0.39543146  0.09564944  0.00100000  0.92275091  0.89450328  2.42072864  0.98457482  0.00216743 
 0.39652716  0.10787093  0.00100000  0.91305561  0.88137677  2.41057865  0.98249916  0.00219045 
 0.39763422  0.11987291  0.00100000  0.90361431  0.86863074  2.40061747  0.98045134  0.00221333 
 0.39875245  0.13156103  0.00100000  0.89450140  0.85636620  2.39092624  0.97845138  0.00223588 
 0.39988165  0.14290256  0.00100000  0.88573789  0.84461134  2.38153357  0.97650808  0.00225800 
 0.40102162  0.15391353  0.00100000  0.87730545  0.83334097  2.37242818  0.97462142  0.00227971 
 0.40217221  0.16464292  0.00100000  0.86916113  0.82249708  2.36357379  0.97278537  0.00230107 
 0.40333330  0.17515467  0.00100000  0.86124939  0.81200479  2.35491966  0.97099017  0.00232221 
 0.40450485  0.18551346  0.00100000  0.85351248  0.80178572  2.34640837  0.96922414  0.00234326 
 0.40568688  0.19578120  0.00100000  0.84589980  0.79177093  2.33798707  0.96747626  0.00236435 
 0.40687949  0.20601584  0.00100000  0.83837099  0.78190648  2.32961611  0.96573792  0.00238558 
 0.40808278  0.21626079  0.00100000  0.83089231  0.77214753  2.32126259  0.96400164  0.00240705 
 0.40929689  0.22653920  0.00100000  0.82343651  0.76245598  2.31289198  0.96225977  0.00242885 
 0.41052203  0.23687179  0.00100000  0.81598937  0.75281128  2.30448224  0.96050761  0.00245101 
 0.41175841  0.24728802  0.00100000  0.80854672  0.74320991  2.29603538  0.95874516  0.00247357 
 0.41300622  0.25779864  0.00100000  0.80109940  0.73364146  2.28754773  0.95697089  0.00249657 
 0.41426565  0.26838513  0.00100000  0.79363539  0.72408593  2.27898968  0.95517851  0.00252005 
 0.41553702  0.27905253  0.00100000  0.78615967  0.71454784  2.27035529  0.95336735  0.00254401 
 0.41682059  0.28984248  0.00100000  0.77868520  0.70505148  2.26168404  0.95154527  0.00256843 
 0.41811650  0.30074727  0.00100000  0.77120057  0.69558397  2.25297224  0.94971022  0.00259336 
 0.41942499  0.31170842  0.00100000  0.76368808  0.68611097  2.24415461  0.94784904  0.00261887 
 0.42074651  0.32275513  0.00100000  0.75616846  0.67666010  2.23524936  0.94596704  0.00264491 
 0.42208132  0.33397437  0.00100000  0.74866393  0.66727804  2.22635005  0.94408253  0.00267143 
 0.42342943  0.34530440  0.00100000  0.74114006  0.65791486  2.21740154  0.94218178  0.00269855 
 0.42479122  0.35663816  0.00100000  0.73357387  0.64851719  2.20827686  0.94024021  0.00272638 
 0.42616740  0.36810356  0.00100000  0.72601936  0.63917154  2.19909294  0.93828465  0.00275475 
 0.42755801  0.37982168  0.00100000  0.71849283  0.62992809  2.18999319  0.93634149  0.00278360 
 0.42896287  0.39157624  0.00100000  0.71091553  0.62065199  2.18075653  0.93436180  0.00281327 
 0.43038292  0.40327997  0.00100000  0.70328981  0.61131961  2.17125565  0.93232429  0.00284378 
 0.43181898  0.41527348  0.00100000  0.69571818  0.60212086  2.16184380  0.93030458  0.00287473 
 0.43327035  0.42755177  0.00100000  0.68816081  0.59301755  2.15255114  0.92830097  0.00290630 
 0.43473721  0.43966356  0.00100000  0.68049987  0.58377574  2.14287873  0.92620901  0.00293902 
 0.43622152  0.45181678  0.00100000  0.67283045  0.57453951  2.13299878  0.92407481  0.00297252 
 0.43772321  0.46452431  0.00100000  0.66526069  0.56554686  2.12349124  0.92201581  0.00300634 
 0.43924079  0.47728516  0.00100000  0.65762648  0.55651106  2.11384935  0.91991406  0.00304124 
 0.44077631  0.48969012  0.00100000  0.64986756  0.54726816  2.10356492  0.91767238  0.00307755 
 0.44233193  0.50259327  0.00100000  0.64220770  0.53824917  2.09354155  0.91549068  0.00311426 
 0.44390503  0.51607570  0.00100000  0.63461109  0.52943926  2.08393895  0.91338577  0.00315154 
 0.44549565  0.52904034  0.00100000  0.62683202  0.52032882  2.07353025  0.91109435  0.00319065 
 0.44710857  0.54201184  0.00100000  0.61903627  0.51120782  2.06280663  0.90874221  0.00323083 
 0.44874228  0.55603744  0.00100000  0.61141659  0.50251455  2.05297919  0.90657912  0.00327109 
 0.45039323  0.56986984  0.00100000  0.60367834  0.49366128  2.04271057  0.90429834  0.00331302 
 0.45206724  0.58304151  0.00100000  0.59577162  0.48449282  2.03137337  0.90178658  0.00335699 
 0.45376653  0.59733789  0.00100000  0.58804983  0.47577143  2.02095318  0.89948125  0.00340107 
 0.45548415  0.61215211  0.00100000  0.58035373  0.46719269  2.01086769  0.89722555  0.00344617 
 0.45722416  0.62583784  0.00100000  0.57239841  0.45810556  1.99918747  0.89460964  0.00349407 
 0.45899402  0.64024768  0.00100000  0.56453348  0.44927846  1.98792355  0.89209878  0.00354275 
 0.46078530  0.65595912  0.00100000  0.55683153  0.44089804  1.97783788  0.88983027  0.00359175 
 0.46259769  0.67047213  0.00100000  0.54887457  0.43200030  1.96607066  0.88716719  0.00364382 
 0.46444374  0.68503232  0.00100000  0.54087307  0.42308044  1.95391096  0.88443067  0.00369773 
 0.46631609  0.70148767  0.00100000  0.53310845  0.41479994  1.94355352  0.88208728  0.00375158 
 0.46820863  0.71702315  0.00100000  0.52515868  0.40613203  1.93181081  0.87940382  0.00380837 
 0.47013777  0.73190741  0.00100000  0.51704948  0.39718212  1.91883746  0.87645331  0.00386810 
 0.47209923  0.74901248  0.00100000  0.50918453  0.38893617  1.90798511  0.87398014  0.00392785 
 0.47408086  0.76564209  0.00100000  0.50122158  0.38048073  1.89622314  0.87126737  0.00399025 
 0.47610172  0.78106395  0.00100000  0.49302963  0.37156501  1.88254287  0.86812226  0.00405655 
 0.47816147  0.79883950  0.00100000  0.48504978  0.36333499  1.87107983  0.86548682  0.00412329 
 0.48024230  0.81656481  0.00100000  0.47704234  0.35504796  1.85915310  0.86271042  0.00419250 
 0.48236555  0.83271680  0.00100000  0.46877748  0.34620836  1.84482475  0.85938032  0.00426642 
 0.48453441  0.85129339  0.00100000  0.46068211  0.33800977  1.83273373  0.85657216  0.00434139 
 0.48672602  0.87009756  0.00100000  0.45260011  0.32984405  1.82044675  0.85368372  0.00441891 
 0.48896473  0.88714298  0.00100000  0.44425831  0.32110003  1.80546523  0.85016337  0.00450189 
 0.49125569  0.90673224  0.00100000  0.43605074  0.31296429  1.79278981  0.84718622  0.00458662 
 0.49357161  0.92660466  0.00100000  0.42786907  0.30487894  1.77991778  0.84412792  0.00467433 
 0.49594186  0.94470694  0.00100000  0.41943806  0.29623878  1.76423916  0.84040193  0.00476828 
 0.49837050  0.96557082  0.00100000  0.41111954  0.28819919  1.75104117  0.83726381  0.00486477 
 0.50082710  0.98651028  0.00100000  0.40281693  0.28015946  1.73732409  0.83396686  0.00496503 
 0.50334880  1.00588299  0.00100000  0.39428125  0.27163354  1.72091251  0.83002015  0.00507252 
 0.50593378  1.02830077  0.00100000  0.38584860  0.26371529  1.70722308  0.82672142  0.00518338 
 0.50855162  1.05031899  0.00100000  0.37740507  0.25569145  1.69235591  0.82310311  0.00529935 
 0.51124956  1.07128329  0.00100000  0.36874926  0.24730242  1.67523654  0.81893344  0.00542374 
 0.51401325  1.09550487  0.00100000  0.36019445  0.23951398  1.66098705  0.81544922  0.00555256 
 0.51681927  1.11866073  0.00100000  0.35158901  0.23148494  1.64463798  0.81141629  0.00568846 
 0.51972415  1.14169040  0.00100000  0.34279907  0.22327118  1.62693024  0.80704270  0.00583432 
 0.52269407  1.16787449  0.00100000  0.33410908  0.21559673  1.61186002  0.80329848  0.00598607 
 0.52572483  1.19237026  0.00100000  0.32531836  0.20756153  1.59374911  0.79876522  0.00614782 
 0.52887403  1.21808335  0.00100000  0.31638203  0.19956869  1.57562770  0.79421904  0.00632147 
 0.53208615  1.24625904  0.00100000  0.30753737  0.19196707  1.55920670  0.79006789  0.00650327 
 0.53539185  1.27260391  0.00100000  0.29853624  0.18396165  1.53925094  0.78499180  0.00669935 
 0.53883019  1.30164681  0.00100000  0.28944261  0.17621924  1.52076440  0.78027095  0.00690983 
 0.54233612  1.33180258  0.00100000  0.28041204  0.16863841  1.50222838  0.77549662  0.00713236 
 0.54598422  1.36097268  0.00100000  0.27117737  0.16074482  1.48067290  0.76991322  0.00737525 
 0.54976725  1.39379527  0.00100000  0.26191536  0.15323751  1.46141855  0.76489540  0.00763605 
 0.55364658  1.42622499  0.00100000  0.25264766  0.14564952  1.44002498  0.75927114  0.00791616 
 0.55772343  1.45964028  0.00100000  0.24316422  0.13797421  1.41732710  0.75326733  0.00822489 
 0.56193005  1.49636712  0.00100000  0.23371320  0.13063582  1.39620802  0.74763482  0.00855750 
 0.56630571  1.53222771  0.00100000  0.22413837  0.12308081  1.37166623  0.74103220  0.00892306 
 0.57091958  1.57138873  0.00100000  0.21440041  0.11569201  1.34786711  0.73457963  0.00932834 
 0.57568410  1.61226763  0.00100000  0.20470058  0.10844602  1.32332406  0.72785904  0.00977037 
 0.58073455  1.65392275  0.00100000  0.19475584  0.10104583  1.29598094  0.72030090  0.01026927 
 0.58603912  1.69995279  0.00100000  0.18475236  0.09392154  1.26982350  0.71299684  0.01082530 
 0.59160665  1.74672004  0.00100000  0.17466974  0.08675280  1.24061311  0.70474648  0.01145018 
 0.59757790  1.79731556  0.00100000  0.16433187  0.07963724  1.21049119  0.69614097  0.01217049 
 0.60386682  1.85173103  0.00100000  0.15397842  0.07271017  1.17951244  0.68717545  0.01298883 
 0.61064952  1.90874588  0.00100000  0.14335964  0.06571238  1.14495172  0.67703349  0.01395093 
 0.61795685  1.97220980  0.00100000  0.13257109  0.05891297  1.11000818  0.66662415  0.01508625 
 0.62584827  2.03981676  0.00100000  0.12164752  0.05216635  1.07115414  0.65485265  0.01644094 
 0.63459563  2.11493810  0.00100000  0.11036591  0.04548671  1.02946460  0.64198485  0.01812154 
 0.64417119  2.19880357  0.00100000  0.09892627  0.03899546  0.98460398  0.62784321  0.02021708 
 0.65510082  2.29368052  0.00100000  0.08707134  0.03250007  0.93232129  0.61094842  0.02296967 
 0.66763014  2.40502597  0.00100000  0.07500059  0.02618862  0.87216615  0.59091356  0.02666646 
 0.68273474  2.53964489  0.00100000  0.06193267  0.01981827  0.79926749  0.56568278  0.03229313 
 0.70196580  2.71363717  0.00100000  0.04740253  0.01353507  0.71317152  0.53435454  0.04219184 
 0.72735563  2.95623096  0.00100000  0.03268097  0.00803379  0.61396787  0.49580712  0.06119770 
 0.76977142  3.37046018  0.00100000  0.01875553  0.00383540  0.51072435  0.45221033  0.10663524 
 0.86537952  4.40780647  0.00100000  0.00822514  0.00140636  0.42700094  0.41350053  0.24315700
